1.000000e-02 	 6.927229e+02 	 6.927229e+02 
1.010092e-02 	 6.927228e+02 	 6.927228e+02 
1.020286e-02 	 6.927227e+02 	 6.927227e+02 
1.030582e-02 	 6.927225e+02 	 6.927225e+02 
1.040983e-02 	 6.927224e+02 	 6.927224e+02 
1.051488e-02 	 6.927222e+02 	 6.927222e+02 
1.062100e-02 	 6.927220e+02 	 6.927220e+02 
1.072819e-02 	 6.927219e+02 	 6.927219e+02 
1.083646e-02 	 6.927217e+02 	 6.927217e+02 
1.094582e-02 	 6.927216e+02 	 6.927216e+02 
1.105628e-02 	 6.927214e+02 	 6.927214e+02 
1.116786e-02 	 6.927212e+02 	 6.927212e+02 
1.128056e-02 	 6.927210e+02 	 6.927210e+02 
1.139441e-02 	 6.927209e+02 	 6.927209e+02 
1.150940e-02 	 6.927207e+02 	 6.927207e+02 
1.162555e-02 	 6.927205e+02 	 6.927205e+02 
1.174288e-02 	 6.927203e+02 	 6.927203e+02 
1.186138e-02 	 6.927201e+02 	 6.927201e+02 
1.198109e-02 	 6.927199e+02 	 6.927199e+02 
1.210200e-02 	 6.927197e+02 	 6.927197e+02 
1.222413e-02 	 6.927195e+02 	 6.927195e+02 
1.234750e-02 	 6.927193e+02 	 6.927193e+02 
1.247211e-02 	 6.927191e+02 	 6.927191e+02 
1.259798e-02 	 6.927189e+02 	 6.927189e+02 
1.272511e-02 	 6.927186e+02 	 6.927186e+02 
1.285354e-02 	 6.927184e+02 	 6.927184e+02 
1.298325e-02 	 6.927182e+02 	 6.927182e+02 
1.311428e-02 	 6.927179e+02 	 6.927179e+02 
1.324663e-02 	 6.927177e+02 	 6.927177e+02 
1.338031e-02 	 6.927174e+02 	 6.927174e+02 
1.351534e-02 	 6.927172e+02 	 6.927172e+02 
1.365174e-02 	 6.927169e+02 	 6.927169e+02 
1.378951e-02 	 6.927167e+02 	 6.927167e+02 
1.392868e-02 	 6.927164e+02 	 6.927164e+02 
1.406924e-02 	 6.927161e+02 	 6.927161e+02 
1.421123e-02 	 6.927158e+02 	 6.927158e+02 
1.435465e-02 	 6.927156e+02 	 6.927156e+02 
1.449951e-02 	 6.927153e+02 	 6.927153e+02 
1.464584e-02 	 6.927150e+02 	 6.927150e+02 
1.479365e-02 	 6.927147e+02 	 6.927147e+02 
1.494294e-02 	 6.927144e+02 	 6.927144e+02 
1.509375e-02 	 6.927140e+02 	 6.927140e+02 
1.524607e-02 	 6.927137e+02 	 6.927137e+02 
1.539993e-02 	 6.927134e+02 	 6.927134e+02 
1.555535e-02 	 6.927131e+02 	 6.927131e+02 
1.571233e-02 	 6.927127e+02 	 6.927127e+02 
1.587090e-02 	 6.927124e+02 	 6.927124e+02 
1.603107e-02 	 6.927120e+02 	 6.927120e+02 
1.619285e-02 	 6.927116e+02 	 6.927116e+02 
1.635627e-02 	 6.927113e+02 	 6.927113e+02 
1.652134e-02 	 6.927109e+02 	 6.927109e+02 
1.668807e-02 	 6.927105e+02 	 6.927105e+02 
1.685649e-02 	 6.927101e+02 	 6.927101e+02 
1.702660e-02 	 6.927097e+02 	 6.927097e+02 
1.719843e-02 	 6.927093e+02 	 6.927093e+02 
1.737200e-02 	 6.927089e+02 	 6.927089e+02 
1.754731e-02 	 6.927085e+02 	 6.927085e+02 
1.772440e-02 	 6.927080e+02 	 6.927080e+02 
1.790327e-02 	 6.927076e+02 	 6.927076e+02 
1.808395e-02 	 6.927071e+02 	 6.927071e+02 
1.826645e-02 	 6.927067e+02 	 6.927067e+02 
1.845080e-02 	 6.927062e+02 	 6.927062e+02 
1.863700e-02 	 6.927057e+02 	 6.927057e+02 
1.882509e-02 	 6.927052e+02 	 6.927052e+02 
1.901507e-02 	 6.927047e+02 	 6.927047e+02 
1.920697e-02 	 6.927042e+02 	 6.927042e+02 
1.940080e-02 	 6.927037e+02 	 6.927037e+02 
1.959659e-02 	 6.927032e+02 	 6.927032e+02 
1.979436e-02 	 6.927026e+02 	 6.927026e+02 
1.999412e-02 	 6.927021e+02 	 6.927021e+02 
2.019590e-02 	 6.927015e+02 	 6.927015e+02 
2.039972e-02 	 6.927009e+02 	 6.927009e+02 
2.060559e-02 	 6.927003e+02 	 6.927003e+02 
2.081354e-02 	 6.926997e+02 	 6.926997e+02 
2.102359e-02 	 6.926991e+02 	 6.926991e+02 
2.123576e-02 	 6.926985e+02 	 6.926985e+02 
2.145007e-02 	 6.926979e+02 	 6.926979e+02 
2.166654e-02 	 6.926972e+02 	 6.926972e+02 
2.188520e-02 	 6.926966e+02 	 6.926966e+02 
2.210606e-02 	 6.926959e+02 	 6.926959e+02 
2.232916e-02 	 6.926952e+02 	 6.926952e+02 
2.255450e-02 	 6.926945e+02 	 6.926945e+02 
2.278212e-02 	 6.926938e+02 	 6.926938e+02 
2.301204e-02 	 6.926930e+02 	 6.926930e+02 
2.324427e-02 	 6.926923e+02 	 6.926923e+02 
2.347885e-02 	 6.926915e+02 	 6.926915e+02 
2.371580e-02 	 6.926908e+02 	 6.926908e+02 
2.395514e-02 	 6.926900e+02 	 6.926900e+02 
2.419689e-02 	 6.926892e+02 	 6.926892e+02 
2.444109e-02 	 6.926883e+02 	 6.926883e+02 
2.468774e-02 	 6.926875e+02 	 6.926875e+02 
2.493689e-02 	 6.926866e+02 	 6.926866e+02 
2.518855e-02 	 6.926857e+02 	 6.926857e+02 
2.544275e-02 	 6.926848e+02 	 6.926848e+02 
2.569952e-02 	 6.926839e+02 	 6.926839e+02 
2.595888e-02 	 6.926830e+02 	 6.926830e+02 
2.622085e-02 	 6.926820e+02 	 6.926820e+02 
2.648547e-02 	 6.926811e+02 	 6.926811e+02 
2.675276e-02 	 6.926801e+02 	 6.926801e+02 
2.702275e-02 	 6.926791e+02 	 6.926791e+02 
2.729546e-02 	 6.926780e+02 	 6.926780e+02 
2.757093e-02 	 6.926770e+02 	 6.926770e+02 
2.784917e-02 	 6.926759e+02 	 6.926759e+02 
2.813022e-02 	 6.926748e+02 	 6.926748e+02 
2.841411e-02 	 6.926737e+02 	 6.926737e+02 
2.870086e-02 	 6.926726e+02 	 6.926726e+02 
2.899051e-02 	 6.926714e+02 	 6.926714e+02 
2.928308e-02 	 6.926702e+02 	 6.926702e+02 
2.957860e-02 	 6.926690e+02 	 6.926690e+02 
2.987711e-02 	 6.926678e+02 	 6.926678e+02 
3.017863e-02 	 6.926665e+02 	 6.926665e+02 
3.048319e-02 	 6.926652e+02 	 6.926652e+02 
3.079082e-02 	 6.926639e+02 	 6.926639e+02 
3.110156e-02 	 6.926626e+02 	 6.926626e+02 
3.141544e-02 	 6.926612e+02 	 6.926612e+02 
3.173248e-02 	 6.926598e+02 	 6.926598e+02 
3.205272e-02 	 6.926584e+02 	 6.926584e+02 
3.237619e-02 	 6.926569e+02 	 6.926569e+02 
3.270293e-02 	 6.926555e+02 	 6.926555e+02 
3.303297e-02 	 6.926540e+02 	 6.926540e+02 
3.336634e-02 	 6.926524e+02 	 6.926524e+02 
3.370307e-02 	 6.926508e+02 	 6.926508e+02 
3.404320e-02 	 6.926492e+02 	 6.926492e+02 
3.438676e-02 	 6.926476e+02 	 6.926476e+02 
3.473379e-02 	 6.926459e+02 	 6.926459e+02 
3.508432e-02 	 6.926442e+02 	 6.926442e+02 
3.543839e-02 	 6.926425e+02 	 6.926425e+02 
3.579603e-02 	 6.926407e+02 	 6.926407e+02 
3.615728e-02 	 6.926389e+02 	 6.926389e+02 
3.652218e-02 	 6.926371e+02 	 6.926371e+02 
3.689076e-02 	 6.926352e+02 	 6.926352e+02 
3.726306e-02 	 6.926333e+02 	 6.926333e+02 
3.763911e-02 	 6.926313e+02 	 6.926313e+02 
3.801896e-02 	 6.926293e+02 	 6.926293e+02 
3.840265e-02 	 6.926273e+02 	 6.926273e+02 
3.879021e-02 	 6.926252e+02 	 6.926252e+02 
3.918167e-02 	 6.926231e+02 	 6.926231e+02 
3.957709e-02 	 6.926209e+02 	 6.926209e+02 
3.997650e-02 	 6.926187e+02 	 6.926187e+02 
4.037994e-02 	 6.926164e+02 	 6.926164e+02 
4.078745e-02 	 6.926141e+02 	 6.926141e+02 
4.119908e-02 	 6.926118e+02 	 6.926118e+02 
4.161486e-02 	 6.926094e+02 	 6.926094e+02 
4.203483e-02 	 6.926069e+02 	 6.926069e+02 
4.245905e-02 	 6.926044e+02 	 6.926044e+02 
4.288754e-02 	 6.926019e+02 	 6.926019e+02 
4.332036e-02 	 6.925993e+02 	 6.925993e+02 
4.375754e-02 	 6.925966e+02 	 6.925966e+02 
4.419914e-02 	 6.925939e+02 	 6.925939e+02 
4.464520e-02 	 6.925912e+02 	 6.925912e+02 
4.509575e-02 	 6.925884e+02 	 6.925884e+02 
4.555086e-02 	 6.925855e+02 	 6.925855e+02 
4.601055e-02 	 6.925826e+02 	 6.925826e+02 
4.647489e-02 	 6.925796e+02 	 6.925796e+02 
4.694391e-02 	 6.925765e+02 	 6.925765e+02 
4.741767e-02 	 6.925734e+02 	 6.925734e+02 
4.789620e-02 	 6.925703e+02 	 6.925703e+02 
4.837957e-02 	 6.925670e+02 	 6.925670e+02 
4.886781e-02 	 6.925637e+02 	 6.925637e+02 
4.936098e-02 	 6.925603e+02 	 6.925603e+02 
4.985913e-02 	 6.925569e+02 	 6.925569e+02 
5.036230e-02 	 6.925534e+02 	 6.925534e+02 
5.087056e-02 	 6.925498e+02 	 6.925498e+02 
5.138394e-02 	 6.925462e+02 	 6.925462e+02 
5.190250e-02 	 6.925424e+02 	 6.925424e+02 
5.242630e-02 	 6.925386e+02 	 6.925386e+02 
5.295538e-02 	 6.925348e+02 	 6.925348e+02 
5.348981e-02 	 6.925308e+02 	 6.925308e+02 
5.402962e-02 	 6.925268e+02 	 6.925268e+02 
5.457489e-02 	 6.925226e+02 	 6.925226e+02 
5.512565e-02 	 6.925184e+02 	 6.925184e+02 
5.568198e-02 	 6.925141e+02 	 6.925141e+02 
5.624392e-02 	 6.925098e+02 	 6.925098e+02 
5.681153e-02 	 6.925053e+02 	 6.925053e+02 
5.738486e-02 	 6.925007e+02 	 6.925007e+02 
5.796399e-02 	 6.924961e+02 	 6.924961e+02 
5.854896e-02 	 6.924914e+02 	 6.924914e+02 
5.913983e-02 	 6.924865e+02 	 6.924865e+02 
5.973666e-02 	 6.924816e+02 	 6.924816e+02 
6.033952e-02 	 6.924765e+02 	 6.924765e+02 
6.094847e-02 	 6.924714e+02 	 6.924714e+02 
6.156355e-02 	 6.924662e+02 	 6.924662e+02 
6.218485e-02 	 6.924608e+02 	 6.924608e+02 
6.281242e-02 	 6.924554e+02 	 6.924554e+02 
6.344631e-02 	 6.924498e+02 	 6.924498e+02 
6.408661e-02 	 6.924441e+02 	 6.924441e+02 
6.473337e-02 	 6.924383e+02 	 6.924383e+02 
6.538665e-02 	 6.924324e+02 	 6.924324e+02 
6.604653e-02 	 6.924264e+02 	 6.924264e+02 
6.671307e-02 	 6.924202e+02 	 6.924202e+02 
6.738633e-02 	 6.924139e+02 	 6.924139e+02 
6.806639e-02 	 6.924075e+02 	 6.924075e+02 
6.875331e-02 	 6.924010e+02 	 6.924010e+02 
6.944717e-02 	 6.923943e+02 	 6.923943e+02 
7.014802e-02 	 6.923875e+02 	 6.923875e+02 
7.085595e-02 	 6.923806e+02 	 6.923806e+02 
7.157103e-02 	 6.923735e+02 	 6.923735e+02 
7.229332e-02 	 6.923662e+02 	 6.923662e+02 
7.302290e-02 	 6.923589e+02 	 6.923589e+02 
7.375984e-02 	 6.923514e+02 	 6.923514e+02 
7.450422e-02 	 6.923437e+02 	 6.923437e+02 
7.525611e-02 	 6.923358e+02 	 6.923358e+02 
7.601559e-02 	 6.923278e+02 	 6.923278e+02 
7.678274e-02 	 6.923197e+02 	 6.923197e+02 
7.755762e-02 	 6.923114e+02 	 6.923114e+02 
7.834033e-02 	 6.923029e+02 	 6.923029e+02 
7.913093e-02 	 6.922942e+02 	 6.922942e+02 
7.992952e-02 	 6.922854e+02 	 6.922854e+02 
8.073616e-02 	 6.922764e+02 	 6.922764e+02 
8.155095e-02 	 6.922672e+02 	 6.922672e+02 
8.237395e-02 	 6.922578e+02 	 6.922578e+02 
8.320527e-02 	 6.922482e+02 	 6.922482e+02 
8.404497e-02 	 6.922385e+02 	 6.922385e+02 
8.489314e-02 	 6.922285e+02 	 6.922285e+02 
8.574988e-02 	 6.922183e+02 	 6.922183e+02 
8.661526e-02 	 6.922080e+02 	 6.922080e+02 
8.748938e-02 	 6.921974e+02 	 6.921974e+02 
8.837232e-02 	 6.921866e+02 	 6.921866e+02 
8.926416e-02 	 6.921756e+02 	 6.921756e+02 
9.016501e-02 	 6.921643e+02 	 6.921643e+02 
9.107495e-02 	 6.921528e+02 	 6.921528e+02 
9.199407e-02 	 6.921411e+02 	 6.921411e+02 
9.292247e-02 	 6.921292e+02 	 6.921292e+02 
9.386024e-02 	 6.921170e+02 	 6.921170e+02 
9.480747e-02 	 6.921046e+02 	 6.921046e+02 
9.576426e-02 	 6.920919e+02 	 6.920919e+02 
9.673071e-02 	 6.920790e+02 	 6.920790e+02 
9.770691e-02 	 6.920658e+02 	 6.920658e+02 
9.869296e-02 	 6.920523e+02 	 6.920523e+02 
9.968897e-02 	 6.920386e+02 	 6.920386e+02 
1.006950e-01 	 6.920246e+02 	 6.920246e+02 
1.017112e-01 	 6.920103e+02 	 6.920103e+02 
1.027377e-01 	 6.919957e+02 	 6.919957e+02 
1.037745e-01 	 6.919808e+02 	 6.919808e+02 
1.048218e-01 	 6.919656e+02 	 6.919656e+02 
1.058797e-01 	 6.919501e+02 	 6.919501e+02 
1.069482e-01 	 6.919343e+02 	 6.919343e+02 
1.080275e-01 	 6.919182e+02 	 6.919182e+02 
1.091177e-01 	 6.919017e+02 	 6.919017e+02 
1.102189e-01 	 6.918849e+02 	 6.918849e+02 
1.113312e-01 	 6.918678e+02 	 6.918678e+02 
1.124548e-01 	 6.918503e+02 	 6.918503e+02 
1.135897e-01 	 6.918325e+02 	 6.918325e+02 
1.147360e-01 	 6.918143e+02 	 6.918143e+02 
1.158939e-01 	 6.917957e+02 	 6.917957e+02 
1.170635e-01 	 6.917768e+02 	 6.917768e+02 
1.182449e-01 	 6.917575e+02 	 6.917575e+02 
1.194382e-01 	 6.917378e+02 	 6.917378e+02 
1.206436e-01 	 6.917177e+02 	 6.917177e+02 
1.218611e-01 	 6.916971e+02 	 6.916971e+02 
1.230909e-01 	 6.916762e+02 	 6.916762e+02 
1.243332e-01 	 6.916548e+02 	 6.916548e+02 
1.255879e-01 	 6.916331e+02 	 6.916331e+02 
1.268554e-01 	 6.916108e+02 	 6.916108e+02 
1.281356e-01 	 6.915881e+02 	 6.915881e+02 
1.294287e-01 	 6.915650e+02 	 6.915650e+02 
1.307349e-01 	 6.915414e+02 	 6.915414e+02 
1.320543e-01 	 6.915173e+02 	 6.915173e+02 
1.333869e-01 	 6.914927e+02 	 6.914927e+02 
1.347331e-01 	 6.914677e+02 	 6.914677e+02 
1.360928e-01 	 6.914421e+02 	 6.914421e+02 
1.374662e-01 	 6.914160e+02 	 6.914160e+02 
1.388535e-01 	 6.913893e+02 	 6.913893e+02 
1.402548e-01 	 6.913622e+02 	 6.913622e+02 
1.416703e-01 	 6.913345e+02 	 6.913345e+02 
1.431000e-01 	 6.913062e+02 	 6.913062e+02 
1.445442e-01 	 6.912773e+02 	 6.912773e+02 
1.460029e-01 	 6.912479e+02 	 6.912479e+02 
1.474763e-01 	 6.912179e+02 	 6.912179e+02 
1.489647e-01 	 6.911872e+02 	 6.911872e+02 
1.504680e-01 	 6.911560e+02 	 6.911560e+02 
1.519865e-01 	 6.911241e+02 	 6.911241e+02 
1.535204e-01 	 6.910916e+02 	 6.910916e+02 
1.550697e-01 	 6.910584e+02 	 6.910584e+02 
1.566346e-01 	 6.910245e+02 	 6.910245e+02 
1.582154e-01 	 6.909899e+02 	 6.909899e+02 
1.598121e-01 	 6.909547e+02 	 6.909547e+02 
1.614249e-01 	 6.909187e+02 	 6.909187e+02 
1.630540e-01 	 6.908820e+02 	 6.908820e+02 
1.646995e-01 	 6.908446e+02 	 6.908446e+02 
1.663616e-01 	 6.908064e+02 	 6.908064e+02 
1.680406e-01 	 6.907675e+02 	 6.907675e+02 
1.697364e-01 	 6.907277e+02 	 6.907277e+02 
1.714494e-01 	 6.906872e+02 	 6.906872e+02 
1.731796e-01 	 6.906458e+02 	 6.906458e+02 
1.749274e-01 	 6.906036e+02 	 6.906036e+02 
1.766927e-01 	 6.905605e+02 	 6.905605e+02 
1.784759e-01 	 6.905166e+02 	 6.905166e+02 
1.802771e-01 	 6.904717e+02 	 6.904717e+02 
1.820964e-01 	 6.904260e+02 	 6.904260e+02 
1.839341e-01 	 6.903794e+02 	 6.903794e+02 
1.857904e-01 	 6.903318e+02 	 6.903318e+02 
1.876653e-01 	 6.902832e+02 	 6.902832e+02 
1.895592e-01 	 6.902337e+02 	 6.902337e+02 
1.914723e-01 	 6.901831e+02 	 6.901831e+02 
1.934046e-01 	 6.901316e+02 	 6.901316e+02 
1.953564e-01 	 6.900790e+02 	 6.900790e+02 
1.973279e-01 	 6.900253e+02 	 6.900253e+02 
1.993194e-01 	 6.899705e+02 	 6.899705e+02 
2.013309e-01 	 6.899147e+02 	 6.899147e+02 
2.033627e-01 	 6.898577e+02 	 6.898577e+02 
2.054150e-01 	 6.897996e+02 	 6.897996e+02 
2.074881e-01 	 6.897402e+02 	 6.897402e+02 
2.095820e-01 	 6.896797e+02 	 6.896797e+02 
2.116971e-01 	 6.896180e+02 	 6.896180e+02 
2.138335e-01 	 6.895550e+02 	 6.895550e+02 
2.159915e-01 	 6.894908e+02 	 6.894908e+02 
2.181713e-01 	 6.894252e+02 	 6.894252e+02 
2.203731e-01 	 6.893584e+02 	 6.893584e+02 
2.225971e-01 	 6.892901e+02 	 6.892901e+02 
2.248435e-01 	 6.892205e+02 	 6.892205e+02 
2.271126e-01 	 6.891495e+02 	 6.891495e+02 
2.294046e-01 	 6.890771e+02 	 6.890771e+02 
2.317198e-01 	 6.890032e+02 	 6.890032e+02 
2.340583e-01 	 6.889278e+02 	 6.889278e+02 
2.364204e-01 	 6.888509e+02 	 6.888509e+02 
2.388063e-01 	 6.887725e+02 	 6.887725e+02 
2.412163e-01 	 6.886924e+02 	 6.886924e+02 
2.436507e-01 	 6.886108e+02 	 6.886108e+02 
2.461096e-01 	 6.885275e+02 	 6.885275e+02 
2.485933e-01 	 6.884425e+02 	 6.884425e+02 
2.511021e-01 	 6.883558e+02 	 6.883558e+02 
2.536362e-01 	 6.882674e+02 	 6.882674e+02 
2.561959e-01 	 6.881772e+02 	 6.881772e+02 
2.587814e-01 	 6.880851e+02 	 6.880851e+02 
2.613930e-01 	 6.879912e+02 	 6.879912e+02 
2.640309e-01 	 6.878955e+02 	 6.878955e+02 
2.666955e-01 	 6.877978e+02 	 6.877978e+02 
2.693870e-01 	 6.876981e+02 	 6.876981e+02 
2.721056e-01 	 6.875964e+02 	 6.875964e+02 
2.748517e-01 	 6.874927e+02 	 6.874927e+02 
2.776255e-01 	 6.873869e+02 	 6.873869e+02 
2.804273e-01 	 6.872789e+02 	 6.872789e+02 
2.832573e-01 	 6.871688e+02 	 6.871688e+02 
2.861159e-01 	 6.870565e+02 	 6.870565e+02 
2.890034e-01 	 6.869419e+02 	 6.869419e+02 
2.919200e-01 	 6.868250e+02 	 6.868250e+02 
2.948660e-01 	 6.867057e+02 	 6.867057e+02 
2.978418e-01 	 6.865841e+02 	 6.865841e+02 
3.008476e-01 	 6.864600e+02 	 6.864600e+02 
3.038837e-01 	 6.863334e+02 	 6.863334e+02 
3.069505e-01 	 6.862043e+02 	 6.862043e+02 
3.100482e-01 	 6.860726e+02 	 6.860726e+02 
3.131772e-01 	 6.859382e+02 	 6.859382e+02 
3.163378e-01 	 6.858011e+02 	 6.858011e+02 
3.195303e-01 	 6.856613e+02 	 6.856613e+02 
3.227549e-01 	 6.855187e+02 	 6.855187e+02 
3.260122e-01 	 6.853732e+02 	 6.853732e+02 
3.293023e-01 	 6.852248e+02 	 6.852248e+02 
3.326256e-01 	 6.850735e+02 	 6.850735e+02 
3.359824e-01 	 6.849191e+02 	 6.849191e+02 
3.393731e-01 	 6.847615e+02 	 6.847615e+02 
3.427980e-01 	 6.846009e+02 	 6.846009e+02 
3.462575e-01 	 6.844370e+02 	 6.844370e+02 
3.497519e-01 	 6.842698e+02 	 6.842698e+02 
3.532816e-01 	 6.840993e+02 	 6.840993e+02 
3.568469e-01 	 6.839254e+02 	 6.839254e+02 
3.604482e-01 	 6.837480e+02 	 6.837480e+02 
3.640858e-01 	 6.835670e+02 	 6.835670e+02 
3.677601e-01 	 6.833825e+02 	 6.833825e+02 
3.714715e-01 	 6.831942e+02 	 6.831942e+02 
3.752204e-01 	 6.830022e+02 	 6.830022e+02 
3.790071e-01 	 6.828063e+02 	 6.828063e+02 
3.828320e-01 	 6.826065e+02 	 6.826065e+02 
3.866956e-01 	 6.824028e+02 	 6.824028e+02 
3.905981e-01 	 6.821949e+02 	 6.821949e+02 
3.945399e-01 	 6.819829e+02 	 6.819829e+02 
3.985216e-01 	 6.817667e+02 	 6.817667e+02 
4.025435e-01 	 6.815462e+02 	 6.815462e+02 
4.066059e-01 	 6.813212e+02 	 6.813212e+02 
4.107094e-01 	 6.810918e+02 	 6.810918e+02 
4.148542e-01 	 6.808578e+02 	 6.808578e+02 
4.190409e-01 	 6.806192e+02 	 6.806192e+02 
4.232698e-01 	 6.803758e+02 	 6.803758e+02 
4.275414e-01 	 6.801276e+02 	 6.801276e+02 
4.318562e-01 	 6.798744e+02 	 6.798744e+02 
4.362144e-01 	 6.796162e+02 	 6.796162e+02 
4.406167e-01 	 6.793528e+02 	 6.793528e+02 
4.450634e-01 	 6.790842e+02 	 6.790842e+02 
4.495549e-01 	 6.788103e+02 	 6.788103e+02 
4.540918e-01 	 6.785309e+02 	 6.785309e+02 
4.586744e-01 	 6.782460e+02 	 6.782460e+02 
4.633034e-01 	 6.779555e+02 	 6.779555e+02 
4.679790e-01 	 6.776591e+02 	 6.776591e+02 
4.727018e-01 	 6.773570e+02 	 6.773570e+02 
4.774723e-01 	 6.770488e+02 	 6.770488e+02 
4.822909e-01 	 6.767345e+02 	 6.767345e+02 
4.871582e-01 	 6.764140e+02 	 6.764140e+02 
4.920745e-01 	 6.760871e+02 	 6.760871e+02 
4.970405e-01 	 6.757538e+02 	 6.757538e+02 
5.020566e-01 	 6.754140e+02 	 6.754140e+02 
5.071233e-01 	 6.750674e+02 	 6.750674e+02 
5.122412e-01 	 6.747139e+02 	 6.747139e+02 
5.174107e-01 	 6.743535e+02 	 6.743535e+02 
5.226324e-01 	 6.739860e+02 	 6.739860e+02 
5.279067e-01 	 6.736112e+02 	 6.736112e+02 
5.332343e-01 	 6.732291e+02 	 6.732291e+02 
5.386157e-01 	 6.728394e+02 	 6.728394e+02 
5.440514e-01 	 6.724421e+02 	 6.724421e+02 
5.495419e-01 	 6.720369e+02 	 6.720369e+02 
5.550879e-01 	 6.716238e+02 	 6.716238e+02 
5.606898e-01 	 6.712026e+02 	 6.712026e+02 
5.663482e-01 	 6.707731e+02 	 6.707731e+02 
5.720638e-01 	 6.703352e+02 	 6.703352e+02 
5.778370e-01 	 6.698888e+02 	 6.698888e+02 
5.836685e-01 	 6.694336e+02 	 6.694336e+02 
5.895588e-01 	 6.689694e+02 	 6.689694e+02 
5.955086e-01 	 6.684962e+02 	 6.684962e+02 
6.015185e-01 	 6.680138e+02 	 6.680138e+02 
6.075890e-01 	 6.675220e+02 	 6.675220e+02 
6.137207e-01 	 6.670205e+02 	 6.670205e+02 
6.199143e-01 	 6.665093e+02 	 6.665093e+02 
6.261705e-01 	 6.659882e+02 	 6.659882e+02 
6.324897e-01 	 6.654569e+02 	 6.654569e+02 
6.388728e-01 	 6.649152e+02 	 6.649152e+02 
6.453203e-01 	 6.643631e+02 	 6.643631e+02 
6.518328e-01 	 6.638002e+02 	 6.638002e+02 
6.584110e-01 	 6.632265e+02 	 6.632265e+02 
6.650557e-01 	 6.626416e+02 	 6.626416e+02 
6.717674e-01 	 6.620454e+02 	 6.620454e+02 
6.785468e-01 	 6.614377e+02 	 6.614377e+02 
6.853947e-01 	 6.608183e+02 	 6.608183e+02 
6.923116e-01 	 6.601869e+02 	 6.601869e+02 
6.992984e-01 	 6.595433e+02 	 6.595433e+02 
7.063557e-01 	 6.588874e+02 	 6.588874e+02 
7.134842e-01 	 6.582188e+02 	 6.582188e+02 
7.206846e-01 	 6.575374e+02 	 6.575374e+02 
7.279577e-01 	 6.568430e+02 	 6.568430e+02 
7.353042e-01 	 6.561352e+02 	 6.561352e+02 
7.427249e-01 	 6.554139e+02 	 6.554139e+02 
7.502204e-01 	 6.546788e+02 	 6.546788e+02 
7.577916e-01 	 6.539297e+02 	 6.539297e+02 
7.654391e-01 	 6.531662e+02 	 6.531662e+02 
7.731639e-01 	 6.523883e+02 	 6.523883e+02 
7.809666e-01 	 6.515956e+02 	 6.515956e+02 
7.888481e-01 	 6.507878e+02 	 6.507878e+02 
7.968091e-01 	 6.499646e+02 	 6.499646e+02 
8.048504e-01 	 6.491259e+02 	 6.491259e+02 
8.129729e-01 	 6.482714e+02 	 6.482714e+02 
8.211774e-01 	 6.474007e+02 	 6.474007e+02 
8.294647e-01 	 6.465136e+02 	 6.465136e+02 
8.378356e-01 	 6.456098e+02 	 6.456098e+02 
8.462910e-01 	 6.446890e+02 	 6.446890e+02 
8.548317e-01 	 6.437509e+02 	 6.437509e+02 
8.634586e-01 	 6.427953e+02 	 6.427953e+02 
8.721726e-01 	 6.418218e+02 	 6.418218e+02 
8.809745e-01 	 6.408301e+02 	 6.408301e+02 
8.898652e-01 	 6.398199e+02 	 6.398199e+02 
8.988457e-01 	 6.387910e+02 	 6.387910e+02 
9.079168e-01 	 6.377429e+02 	 6.377429e+02 
9.170794e-01 	 6.366754e+02 	 6.366754e+02 
9.263345e-01 	 6.355882e+02 	 6.355882e+02 
9.356830e-01 	 6.344809e+02 	 6.344809e+02 
9.451259e-01 	 6.333532e+02 	 6.333532e+02 
9.546640e-01 	 6.322047e+02 	 6.322047e+02 
9.642984e-01 	 6.310352e+02 	 6.310352e+02 
9.740301e-01 	 6.298443e+02 	 6.298443e+02 
9.838599e-01 	 6.286316e+02 	 6.286316e+02 
9.937890e-01 	 6.273969e+02 	 6.273969e+02 
1.003818e+00 	 6.261396e+02 	 6.261396e+02 
1.013949e+00 	 6.248596e+02 	 6.248596e+02 
1.024181e+00 	 6.235564e+02 	 6.235564e+02 
1.034517e+00 	 6.222296e+02 	 6.222296e+02 
1.044958e+00 	 6.208790e+02 	 6.208790e+02 
1.055503e+00 	 6.195041e+02 	 6.195041e+02 
1.066155e+00 	 6.181045e+02 	 6.181045e+02 
1.076915e+00 	 6.166800e+02 	 6.166800e+02 
1.087783e+00 	 6.152301e+02 	 6.152301e+02 
1.098761e+00 	 6.137544e+02 	 6.137544e+02 
1.109850e+00 	 6.122525e+02 	 6.122525e+02 
1.121050e+00 	 6.107242e+02 	 6.107242e+02 
1.132364e+00 	 6.091689e+02 	 6.091689e+02 
1.143791e+00 	 6.075863e+02 	 6.075863e+02 
1.155335e+00 	 6.059760e+02 	 6.059760e+02 
1.166994e+00 	 6.043376e+02 	 6.043376e+02 
1.178771e+00 	 6.026707e+02 	 6.026707e+02 
1.190667e+00 	 6.009750e+02 	 6.009750e+02 
1.202684e+00 	 5.992499e+02 	 5.992499e+02 
1.214821e+00 	 5.974952e+02 	 5.974952e+02 
1.227081e+00 	 5.957104e+02 	 5.957104e+02 
1.239464e+00 	 5.938951e+02 	 5.938951e+02 
1.251973e+00 	 5.920488e+02 	 5.920488e+02 
1.264608e+00 	 5.901713e+02 	 5.901713e+02 
1.277370e+00 	 5.882621e+02 	 5.882621e+02 
1.290261e+00 	 5.863208e+02 	 5.863208e+02 
1.303283e+00 	 5.843470e+02 	 5.843470e+02 
1.316435e+00 	 5.823403e+02 	 5.823403e+02 
1.329721e+00 	 5.803003e+02 	 5.803003e+02 
1.343140e+00 	 5.782266e+02 	 5.782266e+02 
1.356695e+00 	 5.761187e+02 	 5.761187e+02 
1.370387e+00 	 5.739764e+02 	 5.739764e+02 
1.384217e+00 	 5.717992e+02 	 5.717992e+02 
1.398186e+00 	 5.695866e+02 	 5.695866e+02 
1.412296e+00 	 5.673384e+02 	 5.673384e+02 
1.426549e+00 	 5.650542e+02 	 5.650542e+02 
1.440946e+00 	 5.627335e+02 	 5.627335e+02 
1.455488e+00 	 5.603759e+02 	 5.603759e+02 
1.470176e+00 	 5.579812e+02 	 5.579812e+02 
1.485013e+00 	 5.555489e+02 	 5.555489e+02 
1.500000e+00 	 5.530787e+02 	 5.530787e+02 
