0.020000 	 1.485486e-01 
0.020155 	 1.384058e-01 
0.020310 	 1.273149e-01 
0.020467 	 1.154263e-01 
0.020626 	 1.029165e-01 
0.020785 	 8.999098e-02 
0.020946 	 7.688649e-02 
0.021108 	 6.387407e-02 
0.021271 	 5.126206e-02 
0.021435 	 3.939942e-02 
0.021601 	 2.867916e-02 
0.021768 	 1.954202e-02 
0.021936 	 1.234431e-02 
0.022106 	 7.076348e-03 
0.022277 	 3.637383e-03 
0.022449 	 1.897106e-03 
0.022623 	 1.692540e-03 
0.022797 	 2.824689e-03 
0.022974 	 5.054929e-03 
0.023151 	 8.101122e-03 
0.023330 	 1.163345e-02 
0.023511 	 1.526989e-02 
0.023692 	 1.857146e-02 
0.023876 	 2.113886e-02 
0.024060 	 2.292527e-02 
0.024246 	 2.398415e-02 
0.024434 	 2.438264e-02 
0.024622 	 2.420291e-02 
0.024813 	 2.354376e-02 
0.025005 	 2.252216e-02 
0.025198 	 2.127507e-02 
0.025393 	 1.996130e-02 
0.025589 	 1.876351e-02 
0.025787 	 1.789042e-02 
0.025986 	 1.757913e-02 
0.026187 	 1.809762e-02 
0.026390 	 1.974741e-02 
0.026594 	 2.286646e-02 
0.026799 	 2.783216e-02 
0.027006 	 3.494284e-02 
0.027215 	 4.414842e-02 
0.027425 	 5.530399e-02 
0.027637 	 6.823001e-02 
0.027851 	 8.270875e-02 
0.028066 	 9.848059e-02 
0.028283 	 1.152399e-01 
0.028502 	 1.326309e-01 
0.028722 	 1.502425e-01 
0.028944 	 1.676039e-01 
0.029168 	 1.841787e-01 
0.029394 	 1.993594e-01 
0.029621 	 2.124612e-01 
0.029850 	 2.227151e-01 
0.030081 	 2.293138e-01 
0.030313 	 2.319752e-01 
0.030548 	 2.308096e-01 
0.030784 	 2.259793e-01 
0.031022 	 2.176973e-01 
0.031262 	 2.062333e-01 
0.031503 	 1.919191e-01 
0.031747 	 1.751549e-01 
0.031992 	 1.564163e-01 
0.032239 	 1.362612e-01 
0.032489 	 1.153376e-01 
0.032740 	 9.439214e-02 
0.032993 	 7.427909e-02 
0.033248 	 5.596918e-02 
0.033505 	 4.027198e-02 
0.033764 	 2.730598e-02 
0.034025 	 1.705099e-02 
0.034288 	 9.461324e-03 
0.034553 	 4.462814e-03 
0.034820 	 1.949585e-03 
0.035089 	 1.780583e-03 
0.035361 	 3.775812e-03 
0.035634 	 7.712286e-03 
0.035910 	 1.331967e-02 
0.036187 	 2.027556e-02 
0.036467 	 2.820048e-02 
0.036749 	 3.665238e-02 
0.037033 	 4.512085e-02 
0.037319 	 5.302084e-02 
0.037608 	 5.975684e-02 
0.037898 	 6.516966e-02 
0.038191 	 6.931536e-02 
0.038487 	 7.226951e-02 
0.038784 	 7.412847e-02 
0.039084 	 7.501147e-02 
0.039386 	 7.506304e-02 
0.039691 	 7.445543e-02 
0.039998 	 7.339134e-02 
0.040307 	 7.210684e-02 
0.040618 	 7.087446e-02 
0.040932 	 7.000655e-02 
0.041249 	 6.985887e-02 
0.041568 	 7.074153e-02 
0.041889 	 7.267762e-02 
0.042213 	 7.561466e-02 
0.042539 	 7.948514e-02 
0.042868 	 8.420486e-02 
0.043199 	 8.967135e-02 
0.043533 	 9.576193e-02 
0.043870 	 1.023318e-01 
0.044209 	 1.092121e-01 
0.044551 	 1.162072e-01 
0.044895 	 1.230928e-01 
0.045242 	 1.296130e-01 
0.045592 	 1.354774e-01 
0.045945 	 1.403585e-01 
0.046300 	 1.439278e-01 
0.046658 	 1.461103e-01 
0.047018 	 1.469615e-01 
0.047382 	 1.465557e-01 
0.047748 	 1.449875e-01 
0.048117 	 1.423744e-01 
0.048489 	 1.388582e-01 
0.048864 	 1.346085e-01 
0.049242 	 1.298242e-01 
0.049623 	 1.247374e-01 
0.050006 	 1.196158e-01 
0.050393 	 1.147659e-01 
0.050782 	 1.105373e-01 
0.051175 	 1.073253e-01 
0.051570 	 1.055055e-01 
0.051969 	 1.051448e-01 
0.052371 	 1.061979e-01 
0.052776 	 1.086020e-01 
0.053184 	 1.122749e-01 
0.053595 	 1.171130e-01 
0.054009 	 1.229889e-01 
0.054427 	 1.297493e-01 
0.054848 	 1.372123e-01 
0.055272 	 1.451643e-01 
0.055699 	 1.533580e-01 
0.056129 	 1.615080e-01 
0.056563 	 1.692883e-01 
0.057001 	 1.763283e-01 
0.057441 	 1.822282e-01 
0.057885 	 1.868244e-01 
0.058333 	 1.901617e-01 
0.058784 	 1.923072e-01 
0.059238 	 1.933471e-01 
0.059696 	 1.933887e-01 
0.060158 	 1.925628e-01 
0.060623 	 1.910258e-01 
0.061091 	 1.889624e-01 
0.061564 	 1.865878e-01 
0.062040 	 1.841514e-01 
0.062519 	 1.819393e-01 
0.063002 	 1.802777e-01 
0.063490 	 1.795367e-01 
0.063980 	 1.800808e-01 
0.064475 	 1.819844e-01 
0.064973 	 1.851924e-01 
0.065476 	 1.896317e-01 
0.065982 	 1.952094e-01 
0.066492 	 2.018108e-01 
0.067006 	 2.092971e-01 
0.067524 	 2.175029e-01 
0.068046 	 2.262340e-01 
0.068572 	 2.352646e-01 
0.069102 	 2.443339e-01 
0.069636 	 2.531434e-01 
0.070175 	 2.613535e-01 
0.070717 	 2.685838e-01 
0.071264 	 2.745963e-01 
0.071815 	 2.793918e-01 
0.072370 	 2.829998e-01 
0.072929 	 2.854636e-01 
0.073493 	 2.868418e-01 
0.074061 	 2.872097e-01 
0.074634 	 2.866614e-01 
0.075211 	 2.853113e-01 
0.075792 	 2.832966e-01 
0.076378 	 2.807790e-01 
0.076969 	 2.779474e-01 
0.077564 	 2.750203e-01 
0.078163 	 2.722486e-01 
0.078768 	 2.699155e-01 
0.079377 	 2.682086e-01 
0.079990 	 2.671501e-01 
0.080609 	 2.667461e-01 
0.081232 	 2.669979e-01 
0.081860 	 2.679020e-01 
0.082493 	 2.694489e-01 
0.083130 	 2.716228e-01 
0.083773 	 2.744007e-01 
0.084421 	 2.777518e-01 
0.085073 	 2.816363e-01 
0.085731 	 2.860048e-01 
0.086394 	 2.907973e-01 
0.087061 	 2.959417e-01 
0.087735 	 3.013561e-01 
0.088413 	 3.069926e-01 
0.089096 	 3.128370e-01 
0.089785 	 3.188728e-01 
0.090479 	 3.250804e-01 
0.091179 	 3.314367e-01 
0.091883 	 3.379145e-01 
0.092594 	 3.444822e-01 
0.093310 	 3.511035e-01 
0.094031 	 3.577372e-01 
0.094758 	 3.643361e-01 
0.095490 	 3.708471e-01 
0.096229 	 3.772104e-01 
0.096973 	 3.833590e-01 
0.097722 	 3.892241e-01 
0.098478 	 3.947891e-01 
0.099239 	 4.000738e-01 
0.100006 	 4.051033e-01 
0.100779 	 4.099092e-01 
0.101558 	 4.145295e-01 
0.102343 	 4.190095e-01 
0.103135 	 4.234026e-01 
0.103932 	 4.277708e-01 
0.104735 	 4.321859e-01 
0.105545 	 4.367300e-01 
0.106361 	 4.414967e-01 
0.107183 	 4.465919e-01 
0.108012 	 4.521350e-01 
0.108847 	 4.582416e-01 
0.109688 	 4.649367e-01 
0.110536 	 4.722099e-01 
0.111391 	 4.800450e-01 
0.112252 	 4.884198e-01 
0.113120 	 4.973057e-01 
0.113994 	 5.066665e-01 
0.114875 	 5.164578e-01 
0.115764 	 5.266267e-01 
0.116658 	 5.371099e-01 
0.117560 	 5.478340e-01 
0.118469 	 5.587134e-01 
0.119385 	 5.696500e-01 
0.120308 	 5.805314e-01 
0.121238 	 5.912479e-01 
0.122175 	 6.017727e-01 
0.123120 	 6.121101e-01 
0.124072 	 6.222674e-01 
0.125031 	 6.322554e-01 
0.125997 	 6.420885e-01 
0.126971 	 6.517853e-01 
0.127953 	 6.613689e-01 
0.128942 	 6.708674e-01 
0.129939 	 6.803146e-01 
0.130943 	 6.897502e-01 
0.131956 	 6.992206e-01 
0.132976 	 7.087794e-01 
0.134004 	 7.184884e-01 
0.135040 	 7.284020e-01 
0.136084 	 7.385309e-01 
0.137136 	 7.488756e-01 
0.138196 	 7.594360e-01 
0.139264 	 7.702111e-01 
0.140341 	 7.811986e-01 
0.141426 	 7.923953e-01 
0.142519 	 8.037967e-01 
0.143621 	 8.153969e-01 
0.144731 	 8.271882e-01 
0.145850 	 8.391615e-01 
0.146977 	 8.513058e-01 
0.148114 	 8.636077e-01 
0.149259 	 8.760522e-01 
0.150413 	 8.886332e-01 
0.151575 	 9.013607e-01 
0.152747 	 9.142476e-01 
0.153928 	 9.273081e-01 
0.155118 	 9.405585e-01 
0.156317 	 9.540168e-01 
0.157526 	 9.677031e-01 
0.158743 	 9.816398e-01 
0.159971 	 9.958517e-01 
0.161207 	 1.010366e+00 
0.162453 	 1.025214e+00 
0.163709 	 1.040427e+00 
0.164975 	 1.056043e+00 
0.166250 	 1.072102e+00 
0.167536 	 1.088627e+00 
0.168831 	 1.105629e+00 
0.170136 	 1.123120e+00 
0.171451 	 1.141107e+00 
0.172777 	 1.159600e+00 
0.174112 	 1.178605e+00 
0.175458 	 1.198129e+00 
0.176815 	 1.218175e+00 
0.178182 	 1.238747e+00 
0.179559 	 1.259847e+00 
0.180947 	 1.281473e+00 
0.182346 	 1.303622e+00 
0.183756 	 1.326288e+00 
0.185176 	 1.349464e+00 
0.186608 	 1.373140e+00 
0.188050 	 1.397306e+00 
0.189504 	 1.421949e+00 
0.190969 	 1.447051e+00 
0.192445 	 1.472593e+00 
0.193933 	 1.498549e+00 
0.195432 	 1.524890e+00 
0.196943 	 1.551582e+00 
0.198466 	 1.578586e+00 
0.200000 	 1.605856e+00 
