2.000000e-02 	 3.361340e+03 	 1.950051e+03 	 3.790898e+02 
2.015741e-02 	 3.355810e+03 	 1.947044e+03 	 3.788919e+02 
2.031606e-02 	 3.350066e+03 	 1.943921e+03 	 3.786864e+02 
2.047596e-02 	 3.344072e+03 	 1.940663e+03 	 3.784720e+02 
2.063712e-02 	 3.337819e+03 	 1.937262e+03 	 3.782483e+02 
2.079954e-02 	 3.331321e+03 	 1.933730e+03 	 3.780158e+02 
2.096324e-02 	 3.324598e+03 	 1.930074e+03 	 3.777753e+02 
2.112824e-02 	 3.317661e+03 	 1.926303e+03 	 3.775271e+02 
2.129453e-02 	 3.310512e+03 	 1.922416e+03 	 3.772713e+02 
2.146213e-02 	 3.303151e+03 	 1.918414e+03 	 3.770080e+02 
2.163104e-02 	 3.295576e+03 	 1.914295e+03 	 3.767370e+02 
2.180129e-02 	 3.287777e+03 	 1.910055e+03 	 3.764579e+02 
2.197288e-02 	 3.279746e+03 	 1.905688e+03 	 3.761706e+02 
2.214582e-02 	 3.271472e+03 	 1.901189e+03 	 3.758746e+02 
2.232012e-02 	 3.262940e+03 	 1.896551e+03 	 3.755693e+02 
2.249579e-02 	 3.254139e+03 	 1.891766e+03 	 3.752545e+02 
2.267284e-02 	 3.245087e+03 	 1.886844e+03 	 3.749306e+02 
2.285129e-02 	 3.235829e+03 	 1.881811e+03 	 3.745994e+02 
2.303114e-02 	 3.226415e+03 	 1.876692e+03 	 3.742626e+02 
2.321241e-02 	 3.216840e+03 	 1.871486e+03 	 3.739200e+02 
2.339510e-02 	 3.207055e+03 	 1.866166e+03 	 3.735699e+02 
2.357924e-02 	 3.197007e+03 	 1.860703e+03 	 3.732105e+02 
2.376482e-02 	 3.186685e+03 	 1.855091e+03 	 3.728412e+02 
2.395186e-02 	 3.176110e+03 	 1.849341e+03 	 3.724628e+02 
2.414037e-02 	 3.165304e+03 	 1.843466e+03 	 3.720762e+02 
2.433037e-02 	 3.154293e+03 	 1.837479e+03 	 3.716823e+02 
2.452186e-02 	 3.143099e+03 	 1.831393e+03 	 3.712818e+02 
2.471486e-02 	 3.131745e+03 	 1.825220e+03 	 3.708756e+02 
2.490938e-02 	 3.120226e+03 	 1.818957e+03 	 3.704635e+02 
2.510543e-02 	 3.108514e+03 	 1.812589e+03 	 3.700445e+02 
2.530303e-02 	 3.096582e+03 	 1.806102e+03 	 3.696176e+02 
2.550218e-02 	 3.084428e+03 	 1.799494e+03 	 3.691827e+02 
2.570289e-02 	 3.072063e+03 	 1.792771e+03 	 3.687404e+02 
2.590519e-02 	 3.059501e+03 	 1.785941e+03 	 3.682909e+02 
2.610907e-02 	 3.046749e+03 	 1.779007e+03 	 3.678347e+02 
2.631457e-02 	 3.033809e+03 	 1.771972e+03 	 3.673717e+02 
2.652168e-02 	 3.020685e+03 	 1.764836e+03 	 3.669022e+02 
2.673042e-02 	 3.007387e+03 	 1.757606e+03 	 3.664265e+02 
2.694080e-02 	 2.993928e+03 	 1.750289e+03 	 3.659450e+02 
2.715284e-02 	 2.980322e+03 	 1.742891e+03 	 3.654582e+02 
2.736655e-02 	 2.966560e+03 	 1.735409e+03 	 3.649658e+02 
2.758193e-02 	 2.952619e+03 	 1.727829e+03 	 3.644670e+02 
2.779902e-02 	 2.938482e+03 	 1.720143e+03 	 3.639613e+02 
2.801781e-02 	 2.924161e+03 	 1.712357e+03 	 3.634489e+02 
2.823833e-02 	 2.909690e+03 	 1.704488e+03 	 3.629312e+02 
2.846058e-02 	 2.895097e+03 	 1.696554e+03 	 3.624091e+02 
2.868458e-02 	 2.880390e+03 	 1.688558e+03 	 3.618829e+02 
2.891034e-02 	 2.865565e+03 	 1.680498e+03 	 3.613525e+02 
2.913788e-02 	 2.850616e+03 	 1.672370e+03 	 3.608177e+02 
2.936721e-02 	 2.835535e+03 	 1.664170e+03 	 3.602781e+02 
2.959835e-02 	 2.820309e+03 	 1.655892e+03 	 3.597334e+02 
2.983130e-02 	 2.804931e+03 	 1.647531e+03 	 3.591832e+02 
3.006609e-02 	 2.789420e+03 	 1.639098e+03 	 3.586283e+02 
3.030273e-02 	 2.773811e+03 	 1.630611e+03 	 3.580699e+02 
3.054123e-02 	 2.758134e+03 	 1.622087e+03 	 3.575090e+02 
3.078160e-02 	 2.742395e+03 	 1.613530e+03 	 3.569459e+02 
3.102387e-02 	 2.726592e+03 	 1.604938e+03 	 3.563805e+02 
3.126804e-02 	 2.710722e+03 	 1.596309e+03 	 3.558127e+02 
3.151414e-02 	 2.694784e+03 	 1.587644e+03 	 3.552425e+02 
3.176217e-02 	 2.678777e+03 	 1.578941e+03 	 3.546698e+02 
3.201216e-02 	 2.662702e+03 	 1.570201e+03 	 3.540947e+02 
3.226411e-02 	 2.646567e+03 	 1.561428e+03 	 3.535175e+02 
3.251805e-02 	 2.630380e+03 	 1.552627e+03 	 3.529384e+02 
3.277398e-02 	 2.614151e+03 	 1.543804e+03 	 3.523577e+02 
3.303193e-02 	 2.597888e+03 	 1.534961e+03 	 3.517759e+02 
3.329191e-02 	 2.581598e+03 	 1.526105e+03 	 3.511931e+02 
3.355394e-02 	 2.565289e+03 	 1.517237e+03 	 3.506096e+02 
3.381802e-02 	 2.548961e+03 	 1.508360e+03 	 3.500255e+02 
3.408419e-02 	 2.532613e+03 	 1.499471e+03 	 3.494406e+02 
3.435245e-02 	 2.516246e+03 	 1.490572e+03 	 3.488550e+02 
3.462282e-02 	 2.499872e+03 	 1.481670e+03 	 3.482692e+02 
3.489532e-02 	 2.483508e+03 	 1.472773e+03 	 3.476837e+02 
3.516997e-02 	 2.467169e+03 	 1.463889e+03 	 3.470992e+02 
3.544677e-02 	 2.450857e+03 	 1.455021e+03 	 3.465156e+02 
3.572576e-02 	 2.434572e+03 	 1.446166e+03 	 3.459330e+02 
3.600694e-02 	 2.418315e+03 	 1.437327e+03 	 3.453513e+02 
3.629033e-02 	 2.402093e+03 	 1.428507e+03 	 3.447710e+02 
3.657596e-02 	 2.385917e+03 	 1.419712e+03 	 3.441922e+02 
3.686383e-02 	 2.369797e+03 	 1.410948e+03 	 3.436155e+02 
3.715397e-02 	 2.353744e+03 	 1.402220e+03 	 3.430412e+02 
3.744639e-02 	 2.337766e+03 	 1.393533e+03 	 3.424696e+02 
3.774111e-02 	 2.321875e+03 	 1.384893e+03 	 3.419010e+02 
3.803816e-02 	 2.306075e+03 	 1.376302e+03 	 3.413358e+02 
3.833754e-02 	 2.290375e+03 	 1.367766e+03 	 3.407740e+02 
3.863927e-02 	 2.274779e+03 	 1.359287e+03 	 3.402161e+02 
3.894339e-02 	 2.259293e+03 	 1.350867e+03 	 3.396620e+02 
3.924989e-02 	 2.243920e+03 	 1.342508e+03 	 3.391120e+02 
3.955881e-02 	 2.228664e+03 	 1.334214e+03 	 3.385662e+02 
3.987016e-02 	 2.213531e+03 	 1.325986e+03 	 3.380248e+02 
4.018396e-02 	 2.198524e+03 	 1.317827e+03 	 3.374879e+02 
4.050023e-02 	 2.183650e+03 	 1.309740e+03 	 3.369558e+02 
4.081898e-02 	 2.168914e+03 	 1.301728e+03 	 3.364286e+02 
4.114025e-02 	 2.154323e+03 	 1.293795e+03 	 3.359065e+02 
4.146405e-02 	 2.139883e+03 	 1.285943e+03 	 3.353899e+02 
4.179039e-02 	 2.125600e+03 	 1.278178e+03 	 3.348789e+02 
4.211931e-02 	 2.111481e+03 	 1.270501e+03 	 3.343738e+02 
4.245081e-02 	 2.097531e+03 	 1.262916e+03 	 3.338747e+02 
4.278492e-02 	 2.083747e+03 	 1.255422e+03 	 3.333815e+02 
4.312166e-02 	 2.070126e+03 	 1.248016e+03 	 3.328942e+02 
4.346105e-02 	 2.056667e+03 	 1.240699e+03 	 3.324127e+02 
4.380311e-02 	 2.043377e+03 	 1.233473e+03 	 3.319372e+02 
4.414786e-02 	 2.030262e+03 	 1.226342e+03 	 3.314680e+02 
4.449533e-02 	 2.017327e+03 	 1.219310e+03 	 3.310053e+02 
4.484553e-02 	 2.004571e+03 	 1.212374e+03 	 3.305489e+02 
4.519849e-02 	 1.991992e+03 	 1.205535e+03 	 3.300989e+02 
4.555423e-02 	 1.979592e+03 	 1.198793e+03 	 3.296552e+02 
4.591276e-02 	 1.967375e+03 	 1.192151e+03 	 3.292181e+02 
4.627412e-02 	 1.955349e+03 	 1.185612e+03 	 3.287879e+02 
4.663832e-02 	 1.943516e+03 	 1.179179e+03 	 3.283645e+02 
4.700539e-02 	 1.931872e+03 	 1.172848e+03 	 3.279479e+02 
4.737535e-02 	 1.920409e+03 	 1.166615e+03 	 3.275378e+02 
4.774822e-02 	 1.909127e+03 	 1.160481e+03 	 3.271342e+02 
4.812402e-02 	 1.898031e+03 	 1.154448e+03 	 3.267372e+02 
4.850279e-02 	 1.887128e+03 	 1.148520e+03 	 3.263472e+02 
4.888453e-02 	 1.876423e+03 	 1.142700e+03 	 3.259641e+02 
4.926928e-02 	 1.865914e+03 	 1.136986e+03 	 3.255882e+02 
4.965705e-02 	 1.855602e+03 	 1.131380e+03 	 3.252192e+02 
5.004788e-02 	 1.845486e+03 	 1.125879e+03 	 3.248573e+02 
5.044178e-02 	 1.835566e+03 	 1.120486e+03 	 3.245024e+02 
5.083879e-02 	 1.825844e+03 	 1.115200e+03 	 3.241546e+02 
5.123892e-02 	 1.816320e+03 	 1.110022e+03 	 3.238138e+02 
5.164219e-02 	 1.806990e+03 	 1.104949e+03 	 3.234801e+02 
5.204865e-02 	 1.797853e+03 	 1.099982e+03 	 3.231532e+02 
5.245830e-02 	 1.788903e+03 	 1.095115e+03 	 3.228330e+02 
5.287117e-02 	 1.780129e+03 	 1.090345e+03 	 3.225190e+02 
5.328730e-02 	 1.771519e+03 	 1.085663e+03 	 3.222110e+02 
5.370670e-02 	 1.763062e+03 	 1.081066e+03 	 3.219085e+02 
5.412940e-02 	 1.754748e+03 	 1.076545e+03 	 3.216110e+02 
5.455542e-02 	 1.746563e+03 	 1.072095e+03 	 3.213182e+02 
5.498480e-02 	 1.738498e+03 	 1.067710e+03 	 3.210296e+02 
5.541756e-02 	 1.730540e+03 	 1.063383e+03 	 3.207449e+02 
5.585373e-02 	 1.722680e+03 	 1.059110e+03 	 3.204637e+02 
5.629333e-02 	 1.714906e+03 	 1.054883e+03 	 3.201856e+02 
5.673639e-02 	 1.707211e+03 	 1.050699e+03 	 3.199103e+02 
5.718293e-02 	 1.699587e+03 	 1.046554e+03 	 3.196375e+02 
5.763299e-02 	 1.692023e+03 	 1.042441e+03 	 3.193669e+02 
5.808660e-02 	 1.684508e+03 	 1.038356e+03 	 3.190980e+02 
5.854377e-02 	 1.677031e+03 	 1.034290e+03 	 3.188305e+02 
5.900454e-02 	 1.669582e+03 	 1.030240e+03 	 3.185640e+02 
5.946894e-02 	 1.662158e+03 	 1.026204e+03 	 3.182984e+02 
5.993699e-02 	 1.654751e+03 	 1.022177e+03 	 3.180334e+02 
6.040873e-02 	 1.647356e+03 	 1.018156e+03 	 3.177689e+02 
6.088418e-02 	 1.639962e+03 	 1.014136e+03 	 3.175043e+02 
6.136337e-02 	 1.632560e+03 	 1.010112e+03 	 3.172395e+02 
6.184633e-02 	 1.625142e+03 	 1.006078e+03 	 3.169741e+02 
6.233309e-02 	 1.617698e+03 	 1.002031e+03 	 3.167078e+02 
6.282369e-02 	 1.610221e+03 	 9.979658e+02 	 3.164403e+02 
6.331814e-02 	 1.602701e+03 	 9.938773e+02 	 3.161713e+02 
6.381649e-02 	 1.595129e+03 	 9.897604e+02 	 3.159004e+02 
6.431876e-02 	 1.587495e+03 	 9.856098e+02 	 3.156272e+02 
6.482498e-02 	 1.579787e+03 	 9.814186e+02 	 3.153515e+02 
6.533519e-02 	 1.571989e+03 	 9.771790e+02 	 3.150725e+02 
6.584941e-02 	 1.564088e+03 	 9.728829e+02 	 3.147898e+02 
6.636769e-02 	 1.556068e+03 	 9.685228e+02 	 3.145029e+02 
6.689003e-02 	 1.547918e+03 	 9.640915e+02 	 3.142113e+02 
6.741649e-02 	 1.539623e+03 	 9.595816e+02 	 3.139145e+02 
6.794710e-02 	 1.531172e+03 	 9.549865e+02 	 3.136122e+02 
6.848188e-02 	 1.522552e+03 	 9.502998e+02 	 3.133038e+02 
6.902087e-02 	 1.513752e+03 	 9.455152e+02 	 3.129889e+02 
6.956410e-02 	 1.504762e+03 	 9.406276e+02 	 3.126673e+02 
7.011161e-02 	 1.495575e+03 	 9.356326e+02 	 3.123386e+02 
7.066342e-02 	 1.486182e+03 	 9.305256e+02 	 3.120026e+02 
7.121958e-02 	 1.476577e+03 	 9.253032e+02 	 3.116589e+02 
7.178012e-02 	 1.466753e+03 	 9.199621e+02 	 3.113075e+02 
7.234507e-02 	 1.456705e+03 	 9.144988e+02 	 3.109480e+02 
7.291446e-02 	 1.446421e+03 	 9.089075e+02 	 3.105800e+02 
7.348834e-02 	 1.435889e+03 	 9.031812e+02 	 3.102032e+02 
7.406673e-02 	 1.425096e+03 	 8.973132e+02 	 3.098171e+02 
7.464967e-02 	 1.414042e+03 	 8.913028e+02 	 3.094216e+02 
7.523721e-02 	 1.402729e+03 	 8.851519e+02 	 3.090169e+02 
7.582936e-02 	 1.391161e+03 	 8.788625e+02 	 3.086030e+02 
7.642618e-02 	 1.379336e+03 	 8.724332e+02 	 3.081800e+02 
7.702770e-02 	 1.367248e+03 	 8.658613e+02 	 3.077475e+02 
7.763395e-02 	 1.354897e+03 	 8.591459e+02 	 3.073056e+02 
7.824497e-02 	 1.342308e+03 	 8.523009e+02 	 3.068552e+02 
7.886080e-02 	 1.329518e+03 	 8.453470e+02 	 3.063976e+02 
7.948147e-02 	 1.316566e+03 	 8.383051e+02 	 3.059342e+02 
8.010704e-02 	 1.303482e+03 	 8.311915e+02 	 3.054662e+02 
8.073752e-02 	 1.290295e+03 	 8.240215e+02 	 3.049943e+02 
8.137297e-02 	 1.277032e+03 	 8.168105e+02 	 3.045198e+02 
8.201342e-02 	 1.263719e+03 	 8.095724e+02 	 3.040436e+02 
8.265891e-02 	 1.250383e+03 	 8.023212e+02 	 3.035664e+02 
8.330948e-02 	 1.237048e+03 	 7.950710e+02 	 3.030893e+02 
8.396517e-02 	 1.223740e+03 	 7.878356e+02 	 3.026132e+02 
8.462602e-02 	 1.210486e+03 	 7.806292e+02 	 3.021390e+02 
8.529207e-02 	 1.197310e+03 	 7.734654e+02 	 3.016676e+02 
8.596336e-02 	 1.184232e+03 	 7.663552e+02 	 3.011998e+02 
8.663994e-02 	 1.171271e+03 	 7.593082e+02 	 3.007361e+02 
8.732184e-02 	 1.158445e+03 	 7.523346e+02 	 3.002772e+02 
8.800911e-02 	 1.145769e+03 	 7.454428e+02 	 2.998237e+02 
8.870179e-02 	 1.133259e+03 	 7.386411e+02 	 2.993761e+02 
8.939992e-02 	 1.120931e+03 	 7.319381e+02 	 2.989350e+02 
9.010355e-02 	 1.108798e+03 	 7.253415e+02 	 2.985010e+02 
9.081271e-02 	 1.096875e+03 	 7.188591e+02 	 2.980744e+02 
9.152746e-02 	 1.085177e+03 	 7.124989e+02 	 2.976559e+02 
9.224783e-02 	 1.073718e+03 	 7.062683e+02 	 2.972459e+02 
9.297387e-02 	 1.062510e+03 	 7.001748e+02 	 2.968449e+02 
9.370562e-02 	 1.051566e+03 	 6.942245e+02 	 2.964534e+02 
9.444314e-02 	 1.040885e+03 	 6.884171e+02 	 2.960713e+02 
9.518645e-02 	 1.030464e+03 	 6.827511e+02 	 2.956984e+02 
9.593562e-02 	 1.020300e+03 	 6.772248e+02 	 2.953348e+02 
9.669069e-02 	 1.010390e+03 	 6.718372e+02 	 2.949803e+02 
9.745169e-02 	 1.000735e+03 	 6.665874e+02 	 2.946348e+02 
9.821869e-02 	 9.913301e+02 	 6.614740e+02 	 2.942983e+02 
9.899173e-02 	 9.821712e+02 	 6.564943e+02 	 2.939707e+02 
9.977084e-02 	 9.732524e+02 	 6.516452e+02 	 2.936516e+02 
1.005561e-01 	 9.645685e+02 	 6.469237e+02 	 2.933409e+02 
1.013475e-01 	 9.561163e+02 	 6.423283e+02 	 2.930385e+02 
1.021452e-01 	 9.478930e+02 	 6.378573e+02 	 2.927443e+02 
1.029491e-01 	 9.398946e+02 	 6.335085e+02 	 2.924581e+02 
1.037594e-01 	 9.321142e+02 	 6.292783e+02 	 2.921798e+02 
1.045760e-01 	 9.245443e+02 	 6.251625e+02 	 2.919090e+02 
1.053991e-01 	 9.171788e+02 	 6.211579e+02 	 2.916454e+02 
1.062286e-01 	 9.100171e+02 	 6.172641e+02 	 2.913892e+02 
1.070647e-01 	 9.030592e+02 	 6.134811e+02 	 2.911403e+02 
1.079074e-01 	 8.963049e+02 	 6.098087e+02 	 2.908986e+02 
1.087567e-01 	 8.897532e+02 	 6.062466e+02 	 2.906642e+02 
1.096126e-01 	 8.834031e+02 	 6.027941e+02 	 2.904371e+02 
1.104754e-01 	 8.772513e+02 	 5.994493e+02 	 2.902170e+02 
1.113449e-01 	 8.712896e+02 	 5.962079e+02 	 2.900037e+02 
1.122212e-01 	 8.655084e+02 	 5.930647e+02 	 2.897968e+02 
1.131044e-01 	 8.599014e+02 	 5.900161e+02 	 2.895962e+02 
1.139946e-01 	 8.544691e+02 	 5.870626e+02 	 2.894019e+02 
1.148918e-01 	 8.492128e+02 	 5.842047e+02 	 2.892138e+02 
1.157961e-01 	 8.441277e+02 	 5.814399e+02 	 2.890319e+02 
1.167075e-01 	 8.391967e+02 	 5.787590e+02 	 2.888555e+02 
1.176260e-01 	 8.344004e+02 	 5.761512e+02 	 2.886839e+02 
1.185518e-01 	 8.297191e+02 	 5.736060e+02 	 2.885164e+02 
1.194849e-01 	 8.251338e+02 	 5.711129e+02 	 2.883524e+02 
1.204253e-01 	 8.206245e+02 	 5.686613e+02 	 2.881910e+02 
1.213731e-01 	 8.161704e+02 	 5.662395e+02 	 2.880317e+02 
1.223284e-01 	 8.117489e+02 	 5.638356e+02 	 2.878735e+02 
1.232911e-01 	 8.073368e+02 	 5.614367e+02 	 2.877156e+02 
1.242615e-01 	 8.029172e+02 	 5.590337e+02 	 2.875575e+02 
1.252395e-01 	 7.984851e+02 	 5.566240e+02 	 2.873990e+02 
1.262252e-01 	 7.940363e+02 	 5.542052e+02 	 2.872398e+02 
1.272187e-01 	 7.895594e+02 	 5.517711e+02 	 2.870796e+02 
1.282200e-01 	 7.850311e+02 	 5.493090e+02 	 2.869176e+02 
1.292291e-01 	 7.804266e+02 	 5.468056e+02 	 2.867529e+02 
1.302462e-01 	 7.757288e+02 	 5.442514e+02 	 2.865848e+02 
1.312713e-01 	 7.709321e+02 	 5.416434e+02 	 2.864132e+02 
1.323045e-01 	 7.660321e+02 	 5.389793e+02 	 2.862379e+02 
1.333458e-01 	 7.610200e+02 	 5.362542e+02 	 2.860586e+02 
1.343953e-01 	 7.558823e+02 	 5.334608e+02 	 2.858748e+02 
1.354531e-01 	 7.506044e+02 	 5.305912e+02 	 2.856859e+02 
1.365192e-01 	 7.451753e+02 	 5.276394e+02 	 2.854917e+02 
1.375936e-01 	 7.395889e+02 	 5.246021e+02 	 2.852918e+02 
1.386766e-01 	 7.338389e+02 	 5.214758e+02 	 2.850861e+02 
1.397680e-01 	 7.279226e+02 	 5.182591e+02 	 2.848745e+02 
1.408681e-01 	 7.218411e+02 	 5.149526e+02 	 2.846569e+02 
1.419768e-01 	 7.155961e+02 	 5.115572e+02 	 2.844334e+02 
1.430942e-01 	 7.092032e+02 	 5.080813e+02 	 2.842047e+02 
1.442205e-01 	 7.026930e+02 	 5.045417e+02 	 2.839718e+02 
1.453556e-01 	 6.960984e+02 	 5.009563e+02 	 2.837359e+02 
1.464996e-01 	 6.894474e+02 	 4.973401e+02 	 2.834979e+02 
1.476526e-01 	 6.827624e+02 	 4.937055e+02 	 2.832588e+02 
1.488147e-01 	 6.760665e+02 	 4.900649e+02 	 2.830192e+02 
1.499860e-01 	 6.693787e+02 	 4.864287e+02 	 2.827799e+02 
1.511664e-01 	 6.627138e+02 	 4.828050e+02 	 2.825415e+02 
1.523562e-01 	 6.560873e+02 	 4.792022e+02 	 2.823044e+02 
1.535553e-01 	 6.495157e+02 	 4.756292e+02 	 2.820693e+02 
1.547639e-01 	 6.430169e+02 	 4.720958e+02 	 2.818368e+02 
1.559820e-01 	 6.366093e+02 	 4.686120e+02 	 2.816075e+02 
1.572096e-01 	 6.303082e+02 	 4.651860e+02 	 2.813821e+02 
1.584469e-01 	 6.241262e+02 	 4.618249e+02 	 2.811609e+02 
1.596940e-01 	 6.180762e+02 	 4.585355e+02 	 2.809445e+02 
1.609509e-01 	 6.121673e+02 	 4.553228e+02 	 2.807331e+02 
1.622177e-01 	 6.064056e+02 	 4.521902e+02 	 2.805270e+02 
1.634944e-01 	 6.007976e+02 	 4.491411e+02 	 2.803263e+02 
1.647812e-01 	 5.953532e+02 	 4.461810e+02 	 2.801315e+02 
1.660781e-01 	 5.900854e+02 	 4.433169e+02 	 2.799431e+02 
1.673852e-01 	 5.850070e+02 	 4.405557e+02 	 2.797614e+02 
1.687026e-01 	 5.801232e+02 	 4.379004e+02 	 2.795867e+02 
1.700304e-01 	 5.754340e+02 	 4.353509e+02 	 2.794189e+02 
1.713686e-01 	 5.709387e+02 	 4.329068e+02 	 2.792581e+02 
1.727174e-01 	 5.666343e+02 	 4.305665e+02 	 2.791041e+02 
1.740768e-01 	 5.625161e+02 	 4.283274e+02 	 2.789567e+02 
1.754469e-01 	 5.585786e+02 	 4.261866e+02 	 2.788159e+02 
1.768277e-01 	 5.548095e+02 	 4.241373e+02 	 2.786810e+02 
1.782195e-01 	 5.511922e+02 	 4.221706e+02 	 2.785516e+02 
1.796221e-01 	 5.477096e+02 	 4.202771e+02 	 2.784270e+02 
1.810359e-01 	 5.443481e+02 	 4.184494e+02 	 2.783067e+02 
1.824607e-01 	 5.410962e+02 	 4.166814e+02 	 2.781904e+02 
1.838968e-01 	 5.379420e+02 	 4.149664e+02 	 2.780775e+02 
1.853441e-01 	 5.348753e+02 	 4.132991e+02 	 2.779678e+02 
1.868029e-01 	 5.318866e+02 	 4.116741e+02 	 2.778609e+02 
1.882731e-01 	 5.289662e+02 	 4.100863e+02 	 2.777564e+02 
1.897549e-01 	 5.261050e+02 	 4.085307e+02 	 2.776541e+02 
1.912484e-01 	 5.232941e+02 	 4.070023e+02 	 2.775535e+02 
1.927536e-01 	 5.205242e+02 	 4.054964e+02 	 2.774544e+02 
1.942707e-01 	 5.177878e+02 	 4.040086e+02 	 2.773565e+02 
1.957997e-01 	 5.150778e+02 	 4.025351e+02 	 2.772595e+02 
1.973408e-01 	 5.123869e+02 	 4.010721e+02 	 2.771633e+02 
1.988940e-01 	 5.097089e+02 	 3.996161e+02 	 2.770675e+02 
2.004594e-01 	 5.070379e+02 	 3.981639e+02 	 2.769719e+02 
2.020371e-01 	 5.043675e+02 	 3.967120e+02 	 2.768764e+02 
2.036272e-01 	 5.016900e+02 	 3.952562e+02 	 2.767806e+02 
2.052299e-01 	 4.989967e+02 	 3.937918e+02 	 2.766842e+02 
2.068452e-01 	 4.962796e+02 	 3.923146e+02 	 2.765870e+02 
2.084731e-01 	 4.935362e+02 	 3.908229e+02 	 2.764888e+02 
2.101139e-01 	 4.907656e+02 	 3.893166e+02 	 2.763897e+02 
2.117676e-01 	 4.879679e+02 	 3.877955e+02 	 2.762896e+02 
2.134344e-01 	 4.851449e+02 	 3.862606e+02 	 2.761886e+02 
2.151142e-01 	 4.822999e+02 	 3.847138e+02 	 2.760868e+02 
2.168073e-01 	 4.794364e+02 	 3.831569e+02 	 2.759844e+02 
2.185137e-01 	 4.765605e+02 	 3.815933e+02 	 2.758815e+02 
2.202335e-01 	 4.736792e+02 	 3.800267e+02 	 2.757784e+02 
2.219668e-01 	 4.707988e+02 	 3.784606e+02 	 2.756754e+02 
2.237138e-01 	 4.679207e+02 	 3.768958e+02 	 2.755724e+02 
2.254746e-01 	 4.650446e+02 	 3.753320e+02 	 2.754695e+02 
2.272492e-01 	 4.621709e+02 	 3.737696e+02 	 2.753667e+02 
2.290378e-01 	 4.593040e+02 	 3.722109e+02 	 2.752641e+02 
2.308404e-01 	 4.564491e+02 	 3.706587e+02 	 2.751620e+02 
2.326573e-01 	 4.536114e+02 	 3.691158e+02 	 2.750605e+02 
2.344884e-01 	 4.507937e+02 	 3.675839e+02 	 2.749597e+02 
2.363339e-01 	 4.479983e+02 	 3.660640e+02 	 2.748596e+02 
2.381940e-01 	 4.452273e+02 	 3.645574e+02 	 2.747605e+02 
2.400687e-01 	 4.424823e+02 	 3.630649e+02 	 2.746623e+02 
2.419582e-01 	 4.397646e+02 	 3.615873e+02 	 2.745651e+02 
2.438625e-01 	 4.370760e+02 	 3.601255e+02 	 2.744689e+02 
2.457819e-01 	 4.344189e+02 	 3.586809e+02 	 2.743738e+02 
2.477163e-01 	 4.317960e+02 	 3.572548e+02 	 2.742800e+02 
2.496660e-01 	 4.292097e+02 	 3.558486e+02 	 2.741874e+02 
2.516310e-01 	 4.266611e+02 	 3.544629e+02 	 2.740963e+02 
2.536114e-01 	 4.241510e+02 	 3.530981e+02 	 2.740065e+02 
2.556075e-01 	 4.216801e+02 	 3.517547e+02 	 2.739181e+02 
2.576193e-01 	 4.192493e+02 	 3.504331e+02 	 2.738311e+02 
2.596469e-01 	 4.168592e+02 	 3.491336e+02 	 2.737456e+02 
2.616904e-01 	 4.145100e+02 	 3.478563e+02 	 2.736615e+02 
2.637501e-01 	 4.122000e+02 	 3.466004e+02 	 2.735789e+02 
2.658259e-01 	 4.099275e+02 	 3.453649e+02 	 2.734976e+02 
2.679181e-01 	 4.076909e+02 	 3.441488e+02 	 2.734176e+02 
2.700268e-01 	 4.054902e+02 	 3.429523e+02 	 2.733388e+02 
2.721520e-01 	 4.033254e+02 	 3.417752e+02 	 2.732614e+02 
2.742940e-01 	 4.011963e+02 	 3.406177e+02 	 2.731852e+02 
2.764529e-01 	 3.991022e+02 	 3.394791e+02 	 2.731103e+02 
2.786287e-01 	 3.970418e+02 	 3.383589e+02 	 2.730366e+02 
2.808216e-01 	 3.950142e+02 	 3.372564e+02 	 2.729640e+02 
2.830319e-01 	 3.930184e+02 	 3.361713e+02 	 2.728926e+02 
2.852595e-01 	 3.910536e+02 	 3.351031e+02 	 2.728223e+02 
2.875046e-01 	 3.891193e+02 	 3.340514e+02 	 2.727531e+02 
2.897674e-01 	 3.872162e+02 	 3.330167e+02 	 2.726851e+02 
2.920481e-01 	 3.853452e+02 	 3.319994e+02 	 2.726181e+02 
2.943466e-01 	 3.835063e+02 	 3.309996e+02 	 2.725523e+02 
2.966633e-01 	 3.816974e+02 	 3.300161e+02 	 2.724876e+02 
2.989982e-01 	 3.799162e+02 	 3.290477e+02 	 2.724239e+02 
3.013515e-01 	 3.781611e+02 	 3.280934e+02 	 2.723611e+02 
3.037233e-01 	 3.764326e+02 	 3.271536e+02 	 2.722993e+02 
3.061137e-01 	 3.747311e+02 	 3.262285e+02 	 2.722384e+02 
3.085230e-01 	 3.730568e+02 	 3.253182e+02 	 2.721785e+02 
3.109513e-01 	 3.714093e+02 	 3.244224e+02 	 2.721195e+02 
3.133986e-01 	 3.697877e+02 	 3.235408e+02 	 2.720615e+02 
3.158652e-01 	 3.681915e+02 	 3.226729e+02 	 2.720044e+02 
3.183513e-01 	 3.666202e+02 	 3.218186e+02 	 2.719482e+02 
3.208569e-01 	 3.650735e+02 	 3.209776e+02 	 2.718929e+02 
3.233822e-01 	 3.635507e+02 	 3.201497e+02 	 2.718384e+02 
3.259274e-01 	 3.620512e+02 	 3.193345e+02 	 2.717847e+02 
3.284926e-01 	 3.605744e+02 	 3.185315e+02 	 2.717319e+02 
3.310780e-01 	 3.591196e+02 	 3.177405e+02 	 2.716798e+02 
3.336838e-01 	 3.576863e+02 	 3.169613e+02 	 2.716286e+02 
3.363100e-01 	 3.562742e+02 	 3.161935e+02 	 2.715780e+02 
3.389570e-01 	 3.548829e+02 	 3.154370e+02 	 2.715283e+02 
3.416247e-01 	 3.535125e+02 	 3.146919e+02 	 2.714792e+02 
3.443135e-01 	 3.521628e+02 	 3.139581e+02 	 2.714310e+02 
3.470234e-01 	 3.508337e+02 	 3.132355e+02 	 2.713834e+02 
3.497547e-01 	 3.495242e+02 	 3.125235e+02 	 2.713366e+02 
3.525075e-01 	 3.482335e+02 	 3.118217e+02 	 2.712904e+02 
3.552819e-01 	 3.469610e+02 	 3.111299e+02 	 2.712449e+02 
3.580781e-01 	 3.457065e+02 	 3.104478e+02 	 2.712000e+02 
3.608964e-01 	 3.444697e+02 	 3.097754e+02 	 2.711557e+02 
3.637369e-01 	 3.432505e+02 	 3.091125e+02 	 2.711121e+02 
3.665997e-01 	 3.420488e+02 	 3.084591e+02 	 2.710691e+02 
3.694850e-01 	 3.408643e+02 	 3.078151e+02 	 2.710267e+02 
3.723930e-01 	 3.396969e+02 	 3.071804e+02 	 2.709850e+02 
3.753240e-01 	 3.385464e+02 	 3.065548e+02 	 2.709438e+02 
3.782780e-01 	 3.374123e+02 	 3.059382e+02 	 2.709032e+02 
3.812552e-01 	 3.362942e+02 	 3.053303e+02 	 2.708632e+02 
3.842559e-01 	 3.351917e+02 	 3.047309e+02 	 2.708238e+02 
3.872802e-01 	 3.341042e+02 	 3.041396e+02 	 2.707849e+02 
3.903283e-01 	 3.330316e+02 	 3.035565e+02 	 2.707465e+02 
3.934004e-01 	 3.319742e+02 	 3.029815e+02 	 2.707087e+02 
3.964967e-01 	 3.309322e+02 	 3.024150e+02 	 2.706714e+02 
3.996173e-01 	 3.299054e+02 	 3.018568e+02 	 2.706347e+02 
4.027625e-01 	 3.288934e+02 	 3.013065e+02 	 2.705984e+02 
4.059325e-01 	 3.278954e+02 	 3.007639e+02 	 2.705627e+02 
4.091274e-01 	 3.269113e+02 	 3.002289e+02 	 2.705275e+02 
4.123474e-01 	 3.259413e+02 	 2.997015e+02 	 2.704928e+02 
4.155928e-01 	 3.249856e+02 	 2.991818e+02 	 2.704586e+02 
4.188638e-01 	 3.240439e+02 	 2.986698e+02 	 2.704250e+02 
4.221605e-01 	 3.231160e+02 	 2.981653e+02 	 2.703918e+02 
4.254831e-01 	 3.222013e+02 	 2.976680e+02 	 2.703590e+02 
4.288319e-01 	 3.212999e+02 	 2.971779e+02 	 2.703268e+02 
4.322070e-01 	 3.204120e+02 	 2.966952e+02 	 2.702950e+02 
4.356087e-01 	 3.195378e+02 	 2.962199e+02 	 2.702637e+02 
4.390372e-01 	 3.186770e+02 	 2.957518e+02 	 2.702329e+02 
4.424926e-01 	 3.178288e+02 	 2.952907e+02 	 2.702026e+02 
4.459753e-01 	 3.169924e+02 	 2.948359e+02 	 2.701727e+02 
4.494854e-01 	 3.161678e+02 	 2.943876e+02 	 2.701432e+02 
4.530231e-01 	 3.153558e+02 	 2.939461e+02 	 2.701141e+02 
4.565886e-01 	 3.145570e+02 	 2.935118e+02 	 2.700855e+02 
4.601822e-01 	 3.137709e+02 	 2.930844e+02 	 2.700574e+02 
4.638041e-01 	 3.129968e+02 	 2.926635e+02 	 2.700297e+02 
4.674544e-01 	 3.122336e+02 	 2.922485e+02 	 2.700024e+02 
4.711336e-01 	 3.114813e+02 	 2.918395e+02 	 2.699755e+02 
4.748416e-01 	 3.107403e+02 	 2.914367e+02 	 2.699490e+02 
4.785789e-01 	 3.100110e+02 	 2.910401e+02 	 2.699229e+02 
4.823456e-01 	 3.092933e+02 	 2.906499e+02 	 2.698972e+02 
4.861419e-01 	 3.085871e+02 	 2.902659e+02 	 2.698720e+02 
4.899681e-01 	 3.078920e+02 	 2.898880e+02 	 2.698471e+02 
4.938244e-01 	 3.072078e+02 	 2.895160e+02 	 2.698226e+02 
4.977111e-01 	 3.065340e+02 	 2.891497e+02 	 2.697985e+02 
5.016283e-01 	 3.058704e+02 	 2.887889e+02 	 2.697748e+02 
5.055764e-01 	 3.052169e+02 	 2.884336e+02 	 2.697514e+02 
5.095556e-01 	 3.045738e+02 	 2.880839e+02 	 2.697284e+02 
5.135660e-01 	 3.039412e+02 	 2.877400e+02 	 2.697057e+02 
5.176081e-01 	 3.033189e+02 	 2.874016e+02 	 2.696835e+02 
5.216819e-01 	 3.027063e+02 	 2.870686e+02 	 2.696616e+02 
5.257878e-01 	 3.021030e+02 	 2.867405e+02 	 2.696400e+02 
5.299261e-01 	 3.015090e+02 	 2.864176e+02 	 2.696187e+02 
5.340969e-01 	 3.009246e+02 	 2.860998e+02 	 2.695978e+02 
5.383005e-01 	 3.003500e+02 	 2.857874e+02 	 2.695773e+02 
5.425372e-01 	 2.997850e+02 	 2.854802e+02 	 2.695570e+02 
5.468073e-01 	 2.992288e+02 	 2.851778e+02 	 2.695371e+02 
5.511109e-01 	 2.986811e+02 	 2.848801e+02 	 2.695176e+02 
5.554485e-01 	 2.981420e+02 	 2.845869e+02 	 2.694983e+02 
5.598202e-01 	 2.976116e+02 	 2.842985e+02 	 2.694793e+02 
5.642262e-01 	 2.970901e+02 	 2.840150e+02 	 2.694606e+02 
5.686670e-01 	 2.965774e+02 	 2.837362e+02 	 2.694423e+02 
5.731427e-01 	 2.960731e+02 	 2.834621e+02 	 2.694242e+02 
5.776537e-01 	 2.955770e+02 	 2.831923e+02 	 2.694065e+02 
5.822001e-01 	 2.950889e+02 	 2.829270e+02 	 2.693890e+02 
5.867823e-01 	 2.946088e+02 	 2.826660e+02 	 2.693719e+02 
5.914006e-01 	 2.941367e+02 	 2.824093e+02 	 2.693550e+02 
5.960553e-01 	 2.936723e+02 	 2.821568e+02 	 2.693384e+02 
6.007465e-01 	 2.932154e+02 	 2.819083e+02 	 2.693220e+02 
6.054747e-01 	 2.927659e+02 	 2.816639e+02 	 2.693059e+02 
6.102402e-01 	 2.923236e+02 	 2.814235e+02 	 2.692901e+02 
6.150431e-01 	 2.918887e+02 	 2.811870e+02 	 2.692745e+02 
6.198838e-01 	 2.914611e+02 	 2.809545e+02 	 2.692592e+02 
6.247626e-01 	 2.910406e+02 	 2.807259e+02 	 2.692442e+02 
6.296798e-01 	 2.906273e+02 	 2.805012e+02 	 2.692294e+02 
6.346357e-01 	 2.902207e+02 	 2.802801e+02 	 2.692149e+02 
6.396307e-01 	 2.898208e+02 	 2.800627e+02 	 2.692006e+02 
6.446649e-01 	 2.894273e+02 	 2.798487e+02 	 2.691865e+02 
6.497388e-01 	 2.890401e+02 	 2.796382e+02 	 2.691726e+02 
6.548526e-01 	 2.886592e+02 	 2.794311e+02 	 2.691590e+02 
6.600066e-01 	 2.882847e+02 	 2.792275e+02 	 2.691456e+02 
6.652012e-01 	 2.879165e+02 	 2.790273e+02 	 2.691324e+02 
6.704367e-01 	 2.875545e+02 	 2.788305e+02 	 2.691195e+02 
6.757134e-01 	 2.871985e+02 	 2.786369e+02 	 2.691067e+02 
6.810316e-01 	 2.868482e+02 	 2.784465e+02 	 2.690942e+02 
6.863917e-01 	 2.865037e+02 	 2.782592e+02 	 2.690819e+02 
6.917940e-01 	 2.861649e+02 	 2.780750e+02 	 2.690698e+02 
6.972388e-01 	 2.858317e+02 	 2.778938e+02 	 2.690578e+02 
7.027264e-01 	 2.855042e+02 	 2.777157e+02 	 2.690461e+02 
7.082572e-01 	 2.851821e+02 	 2.775406e+02 	 2.690346e+02 
7.138316e-01 	 2.848653e+02 	 2.773684e+02 	 2.690233e+02 
7.194498e-01 	 2.845539e+02 	 2.771991e+02 	 2.690121e+02 
7.251123e-01 	 2.842477e+02 	 2.770326e+02 	 2.690012e+02 
7.308193e-01 	 2.839466e+02 	 2.768689e+02 	 2.689904e+02 
7.365713e-01 	 2.836506e+02 	 2.767079e+02 	 2.689798e+02 
7.423685e-01 	 2.833595e+02 	 2.765497e+02 	 2.689694e+02 
7.482113e-01 	 2.830734e+02 	 2.763941e+02 	 2.689592e+02 
7.541001e-01 	 2.827920e+02 	 2.762411e+02 	 2.689491e+02 
7.600353e-01 	 2.825155e+02 	 2.760908e+02 	 2.689392e+02 
7.660172e-01 	 2.822437e+02 	 2.759430e+02 	 2.689295e+02 
7.720462e-01 	 2.819765e+02 	 2.757978e+02 	 2.689199e+02 
7.781226e-01 	 2.817139e+02 	 2.756550e+02 	 2.689105e+02 
7.842468e-01 	 2.814557e+02 	 2.755146e+02 	 2.689013e+02 
7.904193e-01 	 2.812019e+02 	 2.753766e+02 	 2.688922e+02 
7.966403e-01 	 2.809525e+02 	 2.752410e+02 	 2.688833e+02 
8.029103e-01 	 2.807074e+02 	 2.751077e+02 	 2.688745e+02 
8.092296e-01 	 2.804666e+02 	 2.749768e+02 	 2.688659e+02 
8.155987e-01 	 2.802300e+02 	 2.748482e+02 	 2.688574e+02 
8.220179e-01 	 2.799974e+02 	 2.747217e+02 	 2.688491e+02 
8.284876e-01 	 2.797689e+02 	 2.745975e+02 	 2.688409e+02 
8.350082e-01 	 2.795443e+02 	 2.744753e+02 	 2.688329e+02 
8.415802e-01 	 2.793235e+02 	 2.743553e+02 	 2.688250e+02 
8.482039e-01 	 2.791066e+02 	 2.742373e+02 	 2.688172e+02 
8.548797e-01 	 2.788934e+02 	 2.741215e+02 	 2.688096e+02 
8.616081e-01 	 2.786841e+02 	 2.740076e+02 	 2.688021e+02 
8.683894e-01 	 2.784784e+02 	 2.738958e+02 	 2.687948e+02 
8.752241e-01 	 2.782764e+02 	 2.737860e+02 	 2.687875e+02 
8.821126e-01 	 2.780779e+02 	 2.736781e+02 	 2.687804e+02 
8.890553e-01 	 2.778829e+02 	 2.735720e+02 	 2.687735e+02 
8.960526e-01 	 2.776913e+02 	 2.734679e+02 	 2.687666e+02 
9.031050e-01 	 2.775031e+02 	 2.733655e+02 	 2.687599e+02 
9.102129e-01 	 2.773182e+02 	 2.732650e+02 	 2.687533e+02 
9.173768e-01 	 2.771367e+02 	 2.731663e+02 	 2.687468e+02 
9.245971e-01 	 2.769583e+02 	 2.730694e+02 	 2.687404e+02 
9.318741e-01 	 2.767831e+02 	 2.729741e+02 	 2.687341e+02 
9.392085e-01 	 2.766111e+02 	 2.728806e+02 	 2.687280e+02 
9.466006e-01 	 2.764421e+02 	 2.727887e+02 	 2.687219e+02 
9.540508e-01 	 2.762761e+02 	 2.726984e+02 	 2.687160e+02 
9.615597e-01 	 2.761131e+02 	 2.726098e+02 	 2.687101e+02 
9.691277e-01 	 2.759530e+02 	 2.725228e+02 	 2.687044e+02 
9.767552e-01 	 2.757958e+02 	 2.724373e+02 	 2.686988e+02 
9.844428e-01 	 2.756415e+02 	 2.723534e+02 	 2.686933e+02 
9.921909e-01 	 2.754899e+02 	 2.722710e+02 	 2.686878e+02 
1.000000e+00 	 2.753411e+02 	 2.721901e+02 	 2.686825e+02 
