0.024544 	 4.425970e+02 	 -1.708528e+02 	 3 	 0.024544 	 0.024544 
0.027441 	 9.018071e+02 	 6.952769e+01 	 12 	 0.027441 	 0.027441 
0.030060 	 5.647858e+02 	 -2.379723e+02 	 12 	 0.030060 	 0.030060 
0.034710 	 6.139633e+02 	 -1.440740e+02 	 6 	 0.034710 	 0.034710 
0.037701 	 6.552951e+02 	 1.250544e+02 	 27 	 0.036816 	 0.038807 
0.042479 	 5.001752e+02 	 -2.069601e+02 	 28 	 0.040701 	 0.044247 
0.046269 	 5.911185e+02 	 -2.086292e+02 	 27 	 0.045917 	 0.049087 
0.052303 	 5.050806e+02 	 -2.323724e+01 	 66 	 0.050598 	 0.054881 
0.058448 	 5.785360e+02 	 3.292241e+01 	 63 	 0.056237 	 0.061359 
0.064868 	 4.659047e+02 	 8.676549e+01 	 112 	 0.062574 	 0.067216 
0.072992 	 4.277579e+02 	 2.474902e+02 	 141 	 0.069420 	 0.075649 
0.080449 	 4.551089e+02 	 -1.605261e+01 	 168 	 0.077614 	 0.083232 
0.089816 	 3.981526e+02 	 -8.531402e+00 	 289 	 0.085022 	 0.094262 
0.099999 	 3.811529e+02 	 2.619858e+01 	 333 	 0.095846 	 0.104851 
0.111664 	 3.489488e+02 	 3.297483e+01 	 571 	 0.105566 	 0.117066 
0.124136 	 3.619541e+02 	 -4.882541e+01 	 601 	 0.118345 	 0.128708 
0.137707 	 3.356318e+02 	 -1.492831e+01 	 993 	 0.130452 	 0.144683 
0.153391 	 3.328896e+02 	 6.607545e+00 	 1264 	 0.145202 	 0.160944 
0.170607 	 3.223609e+02 	 2.173245e+00 	 1837 	 0.161411 	 0.179102 
0.189823 	 3.119432e+02 	 3.865681e+01 	 2404 	 0.179522 	 0.199394 
0.211117 	 3.188921e+02 	 -6.404089e+00 	 3448 	 0.199771 	 0.221574 
0.235143 	 3.020253e+02 	 -1.403036e+00 	 4714 	 0.222253 	 0.246966 
0.261565 	 3.187478e+02 	 -1.123098e+01 	 6412 	 0.247271 	 0.274681 
0.290712 	 3.182244e+02 	 -1.445343e+00 	 8750 	 0.274955 	 0.305567 
0.323245 	 3.208704e+02 	 2.290421e+00 	 12181 	 0.305813 	 0.339644 
0.359896 	 3.320394e+02 	 5.432751e+00 	 17009 	 0.340087 	 0.378244 
0.400528 	 3.400684e+02 	 9.737316e-01 	 23066 	 0.378642 	 0.420837 
0.445455 	 3.604811e+02 	 -8.762705e+00 	 31800 	 0.421016 	 0.468264 
0.495541 	 3.794383e+02 	 -8.546928e-01 	 43880 	 0.468425 	 0.520940 
0.551400 	 4.108492e+02 	 -6.595610e+00 	 60597 	 0.521084 	 0.579512 
0.613490 	 4.527343e+02 	 -8.583401e+00 	 83151 	 0.579772 	 0.644827 
0.682449 	 5.144365e+02 	 2.922597e+00 	 114462 	 0.644944 	 0.717352 
0.759183 	 6.072973e+02 	 2.626404e+00 	 157581 	 0.717457 	 0.798142 
0.841966 	 7.307349e+02 	 -4.001810e+00 	 173402 	 0.798331 	 0.887909 
0.935399 	 9.322616e+02 	 -8.429496e-02 	 154393 	 0.887993 	 0.987865 
1.036990 	 1.250384e+03 	 3.065788e+00 	 107944 	 0.987941 	 1.099067 
1.146062 	 1.785179e+03 	 -5.872982e+01 	 39277 	 1.099136 	 1.222636 
1.257467 	 2.619325e+03 	 4.017124e+02 	 5794 	 1.222759 	 1.353301 
