0.010000 	 9.559393e-05 
0.010116 	 9.989520e-05 
0.010234 	 1.043856e-04 
0.010353 	 1.090729e-04 
0.010474 	 1.139662e-04 
0.010596 	 1.190763e-04 
0.010719 	 1.244136e-04 
0.010844 	 1.299861e-04 
0.010970 	 1.358034e-04 
0.011098 	 1.418773e-04 
0.011227 	 1.482210e-04 
0.011357 	 1.548462e-04 
0.011490 	 1.617565e-04 
0.011623 	 1.689635e-04 
0.011758 	 1.764946e-04 
0.011895 	 1.843610e-04 
0.012034 	 1.925606e-04 
0.012174 	 2.011108e-04 
0.012316 	 2.100360e-04 
0.012459 	 2.193560e-04 
0.012604 	 2.290865e-04 
0.012751 	 2.392382e-04 
0.012899 	 2.498269e-04 
0.013049 	 2.608723e-04 
0.013201 	 2.723947e-04 
0.013355 	 2.844153e-04 
0.013510 	 2.969566e-04 
0.013667 	 3.100389e-04 
0.013826 	 3.236805e-04 
0.013987 	 3.379046e-04 
0.014150 	 3.527377e-04 
0.014315 	 3.682107e-04 
0.014481 	 3.843507e-04 
0.014650 	 4.011764e-04 
0.014820 	 4.187135e-04 
0.014993 	 4.369950e-04 
0.015167 	 4.560509e-04 
0.015344 	 4.759135e-04 
0.015522 	 4.966242e-04 
0.015703 	 5.182196e-04 
0.015886 	 5.407254e-04 
0.016071 	 5.641710e-04 
0.016258 	 5.885913e-04 
0.016447 	 6.140348e-04 
0.016638 	 6.405482e-04 
0.016832 	 6.681630e-04 
0.017028 	 6.969295e-04 
0.017226 	 7.269187e-04 
0.017426 	 7.581619e-04 
0.017629 	 7.906774e-04 
0.017834 	 8.245265e-04 
0.018042 	 8.597770e-04 
0.018252 	 8.964861e-04 
0.018464 	 9.347014e-04 
0.018679 	 9.744663e-04 
0.018897 	 1.015846e-03 
0.019116 	 1.058918e-03 
0.019339 	 1.103760e-03 
0.019564 	 1.150427e-03 
0.019792 	 1.198951e-03 
0.020022 	 1.249420e-03 
0.020255 	 1.301955e-03 
0.020491 	 1.356611e-03 
0.020729 	 1.413436e-03 
0.020970 	 1.472527e-03 
0.021215 	 1.533968e-03 
0.021461 	 1.597817e-03 
0.021711 	 1.664171e-03 
0.021964 	 1.733148e-03 
0.022219 	 1.804849e-03 
0.022478 	 1.879366e-03 
0.022740 	 1.956781e-03 
0.023004 	 2.037188e-03 
0.023272 	 2.120694e-03 
0.023543 	 2.207413e-03 
0.023817 	 2.297459e-03 
0.024094 	 2.390938e-03 
0.024374 	 2.487961e-03 
0.024658 	 2.588657e-03 
0.024945 	 2.693163e-03 
0.025235 	 2.801625e-03 
0.025529 	 2.914168e-03 
0.025826 	 3.030901e-03 
0.026127 	 3.151900e-03 
0.026431 	 3.277307e-03 
0.026738 	 3.407350e-03 
0.027050 	 3.542190e-03 
0.027364 	 3.681938e-03 
0.027683 	 3.826680e-03 
0.028005 	 3.976555e-03 
0.028331 	 4.131816e-03 
0.028661 	 4.292632e-03 
0.028994 	 4.459078e-03 
0.029332 	 4.631304e-03 
0.029673 	 4.809509e-03 
0.030018 	 4.993917e-03 
0.030368 	 5.184693e-03 
0.030721 	 5.381908e-03 
0.031079 	 5.585757e-03 
0.031440 	 5.796521e-03 
0.031806 	 6.014349e-03 
0.032176 	 6.239359e-03 
0.032551 	 6.471725e-03 
0.032930 	 6.711617e-03 
0.033313 	 6.959188e-03 
0.033701 	 7.214638e-03 
0.034093 	 7.478184e-03 
0.034490 	 7.749974e-03 
0.034891 	 8.030183e-03 
0.035297 	 8.319076e-03 
0.035708 	 8.616757e-03 
0.036123 	 8.923192e-03 
0.036544 	 9.238691e-03 
0.036969 	 9.563624e-03 
0.037399 	 9.897925e-03 
0.037835 	 1.024164e-02 
0.038275 	 1.059513e-02 
0.038720 	 1.095854e-02 
0.039171 	 1.133181e-02 
0.039627 	 1.171512e-02 
0.040088 	 1.210868e-02 
0.040555 	 1.251250e-02 
0.041027 	 1.292667e-02 
0.041504 	 1.335132e-02 
0.041987 	 1.378657e-02 
0.042476 	 1.423246e-02 
0.042970 	 1.468888e-02 
0.043470 	 1.515581e-02 
0.043976 	 1.563352e-02 
0.044488 	 1.612208e-02 
0.045006 	 1.662129e-02 
0.045529 	 1.713101e-02 
0.046059 	 1.765121e-02 
0.046595 	 1.818206e-02 
0.047138 	 1.872346e-02 
0.047686 	 1.927476e-02 
0.048241 	 1.983592e-02 
0.048803 	 2.040736e-02 
0.049370 	 2.098862e-02 
0.049945 	 2.157915e-02 
0.050526 	 2.217918e-02 
0.051114 	 2.278847e-02 
0.051709 	 2.340595e-02 
0.052311 	 2.403130e-02 
0.052920 	 2.466467e-02 
0.053536 	 2.530580e-02 
0.054159 	 2.595413e-02 
0.054789 	 2.660880e-02 
0.055427 	 2.726936e-02 
0.056072 	 2.793586e-02 
0.056724 	 2.860745e-02 
0.057384 	 2.928301e-02 
0.058052 	 2.996234e-02 
0.058728 	 3.064506e-02 
0.059411 	 3.133013e-02 
0.060103 	 3.201702e-02 
0.060802 	 3.270562e-02 
0.061510 	 3.339508e-02 
0.062226 	 3.408434e-02 
0.062950 	 3.477256e-02 
0.063682 	 3.545888e-02 
0.064424 	 3.614244e-02 
0.065173 	 3.682275e-02 
0.065932 	 3.749941e-02 
0.066699 	 3.817080e-02 
0.067475 	 3.883555e-02 
0.068261 	 3.949387e-02 
0.069055 	 4.014507e-02 
0.069859 	 4.078719e-02 
0.070672 	 4.141970e-02 
0.071494 	 4.204276e-02 
0.072326 	 4.265593e-02 
0.073168 	 4.325827e-02 
0.074020 	 4.384820e-02 
0.074881 	 4.442528e-02 
0.075753 	 4.499017e-02 
0.076634 	 4.554304e-02 
0.077526 	 4.608328e-02 
0.078428 	 4.660840e-02 
0.079341 	 4.711740e-02 
0.080264 	 4.761193e-02 
0.081198 	 4.809178e-02 
0.082143 	 4.855525e-02 
0.083099 	 4.900086e-02 
0.084067 	 4.942846e-02 
0.085045 	 4.984082e-02 
0.086035 	 5.023931e-02 
0.087036 	 5.062329e-02 
0.088049 	 5.099466e-02 
0.089074 	 5.135612e-02 
0.090110 	 5.170692e-02 
0.091159 	 5.204755e-02 
0.092220 	 5.238231e-02 
0.093293 	 5.271349e-02 
0.094379 	 5.304101e-02 
0.095477 	 5.336509e-02 
0.096588 	 5.368685e-02 
0.097712 	 5.400979e-02 
0.098850 	 5.433615e-02 
0.100000 	 5.466584e-02 
