2.000000e-02 	 1.245617e+03 	 1.245617e+03 	 1.245617e+03 
2.015741e-02 	 1.244791e+03 	 1.244791e+03 	 1.244791e+03 
2.031606e-02 	 1.243933e+03 	 1.243933e+03 	 1.243933e+03 
2.047596e-02 	 1.243038e+03 	 1.243038e+03 	 1.243038e+03 
2.063712e-02 	 1.242104e+03 	 1.242104e+03 	 1.242104e+03 
2.079954e-02 	 1.241133e+03 	 1.241133e+03 	 1.241133e+03 
2.096324e-02 	 1.240129e+03 	 1.240129e+03 	 1.240129e+03 
2.112824e-02 	 1.239093e+03 	 1.239093e+03 	 1.239093e+03 
2.129453e-02 	 1.238025e+03 	 1.238025e+03 	 1.238025e+03 
2.146213e-02 	 1.236925e+03 	 1.236925e+03 	 1.236925e+03 
2.163104e-02 	 1.235794e+03 	 1.235794e+03 	 1.235794e+03 
2.180129e-02 	 1.234629e+03 	 1.234629e+03 	 1.234629e+03 
2.197288e-02 	 1.233429e+03 	 1.233429e+03 	 1.233429e+03 
2.214582e-02 	 1.232193e+03 	 1.232193e+03 	 1.232193e+03 
2.232012e-02 	 1.230919e+03 	 1.230919e+03 	 1.230919e+03 
2.249579e-02 	 1.229604e+03 	 1.229604e+03 	 1.229604e+03 
2.267284e-02 	 1.228252e+03 	 1.228252e+03 	 1.228252e+03 
2.285129e-02 	 1.226869e+03 	 1.226869e+03 	 1.226869e+03 
2.303114e-02 	 1.225463e+03 	 1.225463e+03 	 1.225463e+03 
2.321241e-02 	 1.224033e+03 	 1.224033e+03 	 1.224033e+03 
2.339510e-02 	 1.222571e+03 	 1.222571e+03 	 1.222571e+03 
2.357924e-02 	 1.221071e+03 	 1.221071e+03 	 1.221071e+03 
2.376482e-02 	 1.219529e+03 	 1.219529e+03 	 1.219529e+03 
2.395186e-02 	 1.217949e+03 	 1.217949e+03 	 1.217949e+03 
2.414037e-02 	 1.216335e+03 	 1.216335e+03 	 1.216335e+03 
2.433037e-02 	 1.214690e+03 	 1.214690e+03 	 1.214690e+03 
2.452186e-02 	 1.213018e+03 	 1.213018e+03 	 1.213018e+03 
2.471486e-02 	 1.211322e+03 	 1.211322e+03 	 1.211322e+03 
2.490938e-02 	 1.209602e+03 	 1.209602e+03 	 1.209602e+03 
2.510543e-02 	 1.207852e+03 	 1.207852e+03 	 1.207852e+03 
2.530303e-02 	 1.206070e+03 	 1.206070e+03 	 1.206070e+03 
2.550218e-02 	 1.204255e+03 	 1.204255e+03 	 1.204255e+03 
2.570289e-02 	 1.202408e+03 	 1.202408e+03 	 1.202408e+03 
2.590519e-02 	 1.200531e+03 	 1.200531e+03 	 1.200531e+03 
2.610907e-02 	 1.198626e+03 	 1.198626e+03 	 1.198626e+03 
2.631457e-02 	 1.196694e+03 	 1.196694e+03 	 1.196694e+03 
2.652168e-02 	 1.194733e+03 	 1.194733e+03 	 1.194733e+03 
2.673042e-02 	 1.192747e+03 	 1.192747e+03 	 1.192747e+03 
2.694080e-02 	 1.190737e+03 	 1.190737e+03 	 1.190737e+03 
2.715284e-02 	 1.188704e+03 	 1.188704e+03 	 1.188704e+03 
2.736655e-02 	 1.186649e+03 	 1.186649e+03 	 1.186649e+03 
2.758193e-02 	 1.184566e+03 	 1.184566e+03 	 1.184566e+03 
2.779902e-02 	 1.182455e+03 	 1.182455e+03 	 1.182455e+03 
2.801781e-02 	 1.180316e+03 	 1.180316e+03 	 1.180316e+03 
2.823833e-02 	 1.178154e+03 	 1.178154e+03 	 1.178154e+03 
2.846058e-02 	 1.175974e+03 	 1.175974e+03 	 1.175974e+03 
2.868458e-02 	 1.173777e+03 	 1.173777e+03 	 1.173777e+03 
2.891034e-02 	 1.171563e+03 	 1.171563e+03 	 1.171563e+03 
2.913788e-02 	 1.169330e+03 	 1.169330e+03 	 1.169330e+03 
2.936721e-02 	 1.167077e+03 	 1.167077e+03 	 1.167077e+03 
2.959835e-02 	 1.164803e+03 	 1.164803e+03 	 1.164803e+03 
2.983130e-02 	 1.162506e+03 	 1.162506e+03 	 1.162506e+03 
3.006609e-02 	 1.160189e+03 	 1.160189e+03 	 1.160189e+03 
3.030273e-02 	 1.157858e+03 	 1.157858e+03 	 1.157858e+03 
3.054123e-02 	 1.155516e+03 	 1.155516e+03 	 1.155516e+03 
3.078160e-02 	 1.153165e+03 	 1.153165e+03 	 1.153165e+03 
3.102387e-02 	 1.150805e+03 	 1.150805e+03 	 1.150805e+03 
3.126804e-02 	 1.148434e+03 	 1.148434e+03 	 1.148434e+03 
3.151414e-02 	 1.146053e+03 	 1.146053e+03 	 1.146053e+03 
3.176217e-02 	 1.143663e+03 	 1.143663e+03 	 1.143663e+03 
3.201216e-02 	 1.141261e+03 	 1.141261e+03 	 1.141261e+03 
3.226411e-02 	 1.138851e+03 	 1.138851e+03 	 1.138851e+03 
3.251805e-02 	 1.136433e+03 	 1.136433e+03 	 1.136433e+03 
3.277398e-02 	 1.134009e+03 	 1.134009e+03 	 1.134009e+03 
3.303193e-02 	 1.131580e+03 	 1.131580e+03 	 1.131580e+03 
3.329191e-02 	 1.129147e+03 	 1.129147e+03 	 1.129147e+03 
3.355394e-02 	 1.126711e+03 	 1.126711e+03 	 1.126711e+03 
3.381802e-02 	 1.124272e+03 	 1.124272e+03 	 1.124272e+03 
3.408419e-02 	 1.121830e+03 	 1.121830e+03 	 1.121830e+03 
3.435245e-02 	 1.119385e+03 	 1.119385e+03 	 1.119385e+03 
3.462282e-02 	 1.116939e+03 	 1.116939e+03 	 1.116939e+03 
3.489532e-02 	 1.114495e+03 	 1.114495e+03 	 1.114495e+03 
3.516997e-02 	 1.112055e+03 	 1.112055e+03 	 1.112055e+03 
3.544677e-02 	 1.109618e+03 	 1.109618e+03 	 1.109618e+03 
3.572576e-02 	 1.107186e+03 	 1.107186e+03 	 1.107186e+03 
3.600694e-02 	 1.104757e+03 	 1.104757e+03 	 1.104757e+03 
3.629033e-02 	 1.102334e+03 	 1.102334e+03 	 1.102334e+03 
3.657596e-02 	 1.099918e+03 	 1.099918e+03 	 1.099918e+03 
3.686383e-02 	 1.097510e+03 	 1.097510e+03 	 1.097510e+03 
3.715397e-02 	 1.095112e+03 	 1.095112e+03 	 1.095112e+03 
3.744639e-02 	 1.092726e+03 	 1.092726e+03 	 1.092726e+03 
3.774111e-02 	 1.090352e+03 	 1.090352e+03 	 1.090352e+03 
3.803816e-02 	 1.087992e+03 	 1.087992e+03 	 1.087992e+03 
3.833754e-02 	 1.085647e+03 	 1.085647e+03 	 1.085647e+03 
3.863927e-02 	 1.083317e+03 	 1.083317e+03 	 1.083317e+03 
3.894339e-02 	 1.081004e+03 	 1.081004e+03 	 1.081004e+03 
3.924989e-02 	 1.078708e+03 	 1.078708e+03 	 1.078708e+03 
3.955881e-02 	 1.076429e+03 	 1.076429e+03 	 1.076429e+03 
3.987016e-02 	 1.074169e+03 	 1.074169e+03 	 1.074169e+03 
4.018396e-02 	 1.071927e+03 	 1.071927e+03 	 1.071927e+03 
4.050023e-02 	 1.069705e+03 	 1.069705e+03 	 1.069705e+03 
4.081898e-02 	 1.067504e+03 	 1.067504e+03 	 1.067504e+03 
4.114025e-02 	 1.065325e+03 	 1.065325e+03 	 1.065325e+03 
4.146405e-02 	 1.063168e+03 	 1.063168e+03 	 1.063168e+03 
4.179039e-02 	 1.061034e+03 	 1.061034e+03 	 1.061034e+03 
4.211931e-02 	 1.058925e+03 	 1.058925e+03 	 1.058925e+03 
4.245081e-02 	 1.056842e+03 	 1.056842e+03 	 1.056842e+03 
4.278492e-02 	 1.054783e+03 	 1.054783e+03 	 1.054783e+03 
4.312166e-02 	 1.052748e+03 	 1.052748e+03 	 1.052748e+03 
4.346105e-02 	 1.050738e+03 	 1.050738e+03 	 1.050738e+03 
4.380311e-02 	 1.048753e+03 	 1.048753e+03 	 1.048753e+03 
4.414786e-02 	 1.046794e+03 	 1.046794e+03 	 1.046794e+03 
4.449533e-02 	 1.044862e+03 	 1.044862e+03 	 1.044862e+03 
4.484553e-02 	 1.042956e+03 	 1.042956e+03 	 1.042956e+03 
4.519849e-02 	 1.041077e+03 	 1.041077e+03 	 1.041077e+03 
4.555423e-02 	 1.039225e+03 	 1.039225e+03 	 1.039225e+03 
4.591276e-02 	 1.037400e+03 	 1.037400e+03 	 1.037400e+03 
4.627412e-02 	 1.035604e+03 	 1.035604e+03 	 1.035604e+03 
4.663832e-02 	 1.033837e+03 	 1.033837e+03 	 1.033837e+03 
4.700539e-02 	 1.032097e+03 	 1.032097e+03 	 1.032097e+03 
4.737535e-02 	 1.030385e+03 	 1.030385e+03 	 1.030385e+03 
4.774822e-02 	 1.028700e+03 	 1.028700e+03 	 1.028700e+03 
4.812402e-02 	 1.027042e+03 	 1.027042e+03 	 1.027042e+03 
4.850279e-02 	 1.025414e+03 	 1.025414e+03 	 1.025414e+03 
4.888453e-02 	 1.023815e+03 	 1.023815e+03 	 1.023815e+03 
4.926928e-02 	 1.022245e+03 	 1.022245e+03 	 1.022245e+03 
4.965705e-02 	 1.020705e+03 	 1.020705e+03 	 1.020705e+03 
5.004788e-02 	 1.019194e+03 	 1.019194e+03 	 1.019194e+03 
5.044178e-02 	 1.017712e+03 	 1.017712e+03 	 1.017712e+03 
5.083879e-02 	 1.016260e+03 	 1.016260e+03 	 1.016260e+03 
5.123892e-02 	 1.014837e+03 	 1.014837e+03 	 1.014837e+03 
5.164219e-02 	 1.013444e+03 	 1.013444e+03 	 1.013444e+03 
5.204865e-02 	 1.012079e+03 	 1.012079e+03 	 1.012079e+03 
5.245830e-02 	 1.010742e+03 	 1.010742e+03 	 1.010742e+03 
5.287117e-02 	 1.009431e+03 	 1.009431e+03 	 1.009431e+03 
5.328730e-02 	 1.008145e+03 	 1.008145e+03 	 1.008145e+03 
5.370670e-02 	 1.006882e+03 	 1.006882e+03 	 1.006882e+03 
5.412940e-02 	 1.005640e+03 	 1.005640e+03 	 1.005640e+03 
5.455542e-02 	 1.004418e+03 	 1.004418e+03 	 1.004418e+03 
5.498480e-02 	 1.003213e+03 	 1.003213e+03 	 1.003213e+03 
5.541756e-02 	 1.002024e+03 	 1.002024e+03 	 1.002024e+03 
5.585373e-02 	 1.000850e+03 	 1.000850e+03 	 1.000850e+03 
5.629333e-02 	 9.996890e+02 	 9.996890e+02 	 9.996890e+02 
5.673639e-02 	 9.985396e+02 	 9.985396e+02 	 9.985396e+02 
5.718293e-02 	 9.974008e+02 	 9.974008e+02 	 9.974008e+02 
5.763299e-02 	 9.962710e+02 	 9.962710e+02 	 9.962710e+02 
5.808660e-02 	 9.951485e+02 	 9.951485e+02 	 9.951485e+02 
5.854377e-02 	 9.940316e+02 	 9.940316e+02 	 9.940316e+02 
5.900454e-02 	 9.929190e+02 	 9.929190e+02 	 9.929190e+02 
5.946894e-02 	 9.918100e+02 	 9.918100e+02 	 9.918100e+02 
5.993699e-02 	 9.907037e+02 	 9.907037e+02 	 9.907037e+02 
6.040873e-02 	 9.895991e+02 	 9.895991e+02 	 9.895991e+02 
6.088418e-02 	 9.884946e+02 	 9.884946e+02 	 9.884946e+02 
6.136337e-02 	 9.873890e+02 	 9.873890e+02 	 9.873890e+02 
6.184633e-02 	 9.862809e+02 	 9.862809e+02 	 9.862809e+02 
6.233309e-02 	 9.851691e+02 	 9.851691e+02 	 9.851691e+02 
6.282369e-02 	 9.840522e+02 	 9.840522e+02 	 9.840522e+02 
6.331814e-02 	 9.829290e+02 	 9.829290e+02 	 9.829290e+02 
6.381649e-02 	 9.817980e+02 	 9.817980e+02 	 9.817980e+02 
6.431876e-02 	 9.806577e+02 	 9.806577e+02 	 9.806577e+02 
6.482498e-02 	 9.795063e+02 	 9.795063e+02 	 9.795063e+02 
6.533519e-02 	 9.783415e+02 	 9.783415e+02 	 9.783415e+02 
6.584941e-02 	 9.771613e+02 	 9.771613e+02 	 9.771613e+02 
6.636769e-02 	 9.759634e+02 	 9.759634e+02 	 9.759634e+02 
6.689003e-02 	 9.747460e+02 	 9.747460e+02 	 9.747460e+02 
6.741649e-02 	 9.735070e+02 	 9.735070e+02 	 9.735070e+02 
6.794710e-02 	 9.722446e+02 	 9.722446e+02 	 9.722446e+02 
6.848188e-02 	 9.709571e+02 	 9.709571e+02 	 9.709571e+02 
6.902087e-02 	 9.696426e+02 	 9.696426e+02 	 9.696426e+02 
6.956410e-02 	 9.682998e+02 	 9.682998e+02 	 9.682998e+02 
7.011161e-02 	 9.669275e+02 	 9.669275e+02 	 9.669275e+02 
7.066342e-02 	 9.655245e+02 	 9.655245e+02 	 9.655245e+02 
7.121958e-02 	 9.640898e+02 	 9.640898e+02 	 9.640898e+02 
7.178012e-02 	 9.626224e+02 	 9.626224e+02 	 9.626224e+02 
7.234507e-02 	 9.611215e+02 	 9.611215e+02 	 9.611215e+02 
7.291446e-02 	 9.595854e+02 	 9.595854e+02 	 9.595854e+02 
7.348834e-02 	 9.580122e+02 	 9.580122e+02 	 9.580122e+02 
7.406673e-02 	 9.564001e+02 	 9.564001e+02 	 9.564001e+02 
7.464967e-02 	 9.547489e+02 	 9.547489e+02 	 9.547489e+02 
7.523721e-02 	 9.530591e+02 	 9.530591e+02 	 9.530591e+02 
7.582936e-02 	 9.513312e+02 	 9.513312e+02 	 9.513312e+02 
7.642618e-02 	 9.495649e+02 	 9.495649e+02 	 9.495649e+02 
7.702770e-02 	 9.477594e+02 	 9.477594e+02 	 9.477594e+02 
7.763395e-02 	 9.459145e+02 	 9.459145e+02 	 9.459145e+02 
7.824497e-02 	 9.440340e+02 	 9.440340e+02 	 9.440340e+02 
7.886080e-02 	 9.421236e+02 	 9.421236e+02 	 9.421236e+02 
7.948147e-02 	 9.401889e+02 	 9.401889e+02 	 9.401889e+02 
8.010704e-02 	 9.382346e+02 	 9.382346e+02 	 9.382346e+02 
8.073752e-02 	 9.362648e+02 	 9.362648e+02 	 9.362648e+02 
8.137297e-02 	 9.342837e+02 	 9.342837e+02 	 9.342837e+02 
8.201342e-02 	 9.322953e+02 	 9.322953e+02 	 9.322953e+02 
8.265891e-02 	 9.303031e+02 	 9.303031e+02 	 9.303031e+02 
8.330948e-02 	 9.283113e+02 	 9.283113e+02 	 9.283113e+02 
8.396517e-02 	 9.263235e+02 	 9.263235e+02 	 9.263235e+02 
8.462602e-02 	 9.243437e+02 	 9.243437e+02 	 9.243437e+02 
8.529207e-02 	 9.223756e+02 	 9.223756e+02 	 9.223756e+02 
8.596336e-02 	 9.204223e+02 	 9.204223e+02 	 9.204223e+02 
8.663994e-02 	 9.184863e+02 	 9.184863e+02 	 9.184863e+02 
8.732184e-02 	 9.165704e+02 	 9.165704e+02 	 9.165704e+02 
8.800911e-02 	 9.146770e+02 	 9.146770e+02 	 9.146770e+02 
8.870179e-02 	 9.128084e+02 	 9.128084e+02 	 9.128084e+02 
8.939992e-02 	 9.109669e+02 	 9.109669e+02 	 9.109669e+02 
9.010355e-02 	 9.091546e+02 	 9.091546e+02 	 9.091546e+02 
9.081271e-02 	 9.073737e+02 	 9.073737e+02 	 9.073737e+02 
9.152746e-02 	 9.056264e+02 	 9.056264e+02 	 9.056264e+02 
9.224783e-02 	 9.039147e+02 	 9.039147e+02 	 9.039147e+02 
9.297387e-02 	 9.022406e+02 	 9.022406e+02 	 9.022406e+02 
9.370562e-02 	 9.006059e+02 	 9.006059e+02 	 9.006059e+02 
9.444314e-02 	 8.990105e+02 	 8.990105e+02 	 8.990105e+02 
9.518645e-02 	 8.974538e+02 	 8.974538e+02 	 8.974538e+02 
9.593562e-02 	 8.959356e+02 	 8.959356e+02 	 8.959356e+02 
9.669069e-02 	 8.944555e+02 	 8.944555e+02 	 8.944555e+02 
9.745169e-02 	 8.930132e+02 	 8.930132e+02 	 8.930132e+02 
9.821869e-02 	 8.916084e+02 	 8.916084e+02 	 8.916084e+02 
9.899173e-02 	 8.902404e+02 	 8.902404e+02 	 8.902404e+02 
9.977084e-02 	 8.889082e+02 	 8.889082e+02 	 8.889082e+02 
1.005561e-01 	 8.876111e+02 	 8.876111e+02 	 8.876111e+02 
1.013475e-01 	 8.863486e+02 	 8.863486e+02 	 8.863486e+02 
1.021452e-01 	 8.851202e+02 	 8.851202e+02 	 8.851202e+02 
1.029491e-01 	 8.839255e+02 	 8.839255e+02 	 8.839255e+02 
1.037594e-01 	 8.827634e+02 	 8.827634e+02 	 8.827634e+02 
1.045760e-01 	 8.816326e+02 	 8.816326e+02 	 8.816326e+02 
1.053991e-01 	 8.805325e+02 	 8.805325e+02 	 8.805325e+02 
1.062286e-01 	 8.794627e+02 	 8.794627e+02 	 8.794627e+02 
1.070647e-01 	 8.784234e+02 	 8.784234e+02 	 8.784234e+02 
1.079074e-01 	 8.774145e+02 	 8.774145e+02 	 8.774145e+02 
1.087567e-01 	 8.764359e+02 	 8.764359e+02 	 8.764359e+02 
1.096126e-01 	 8.754874e+02 	 8.754874e+02 	 8.754874e+02 
1.104754e-01 	 8.745685e+02 	 8.745685e+02 	 8.745685e+02 
1.113449e-01 	 8.736780e+02 	 8.736780e+02 	 8.736780e+02 
1.122212e-01 	 8.728144e+02 	 8.728144e+02 	 8.728144e+02 
1.131044e-01 	 8.719769e+02 	 8.719769e+02 	 8.719769e+02 
1.139946e-01 	 8.711655e+02 	 8.711655e+02 	 8.711655e+02 
1.148918e-01 	 8.703804e+02 	 8.703804e+02 	 8.703804e+02 
1.157961e-01 	 8.696208e+02 	 8.696208e+02 	 8.696208e+02 
1.167075e-01 	 8.688843e+02 	 8.688843e+02 	 8.688843e+02 
1.176260e-01 	 8.681678e+02 	 8.681678e+02 	 8.681678e+02 
1.185518e-01 	 8.674686e+02 	 8.674686e+02 	 8.674686e+02 
1.194849e-01 	 8.667837e+02 	 8.667837e+02 	 8.667837e+02 
1.204253e-01 	 8.661101e+02 	 8.661101e+02 	 8.661101e+02 
1.213731e-01 	 8.654448e+02 	 8.654448e+02 	 8.654448e+02 
1.223284e-01 	 8.647844e+02 	 8.647844e+02 	 8.647844e+02 
1.232911e-01 	 8.641253e+02 	 8.641253e+02 	 8.641253e+02 
1.242615e-01 	 8.634652e+02 	 8.634652e+02 	 8.634652e+02 
1.252395e-01 	 8.628032e+02 	 8.628032e+02 	 8.628032e+02 
1.262252e-01 	 8.621387e+02 	 8.621387e+02 	 8.621387e+02 
1.272187e-01 	 8.614699e+02 	 8.614699e+02 	 8.614699e+02 
1.282200e-01 	 8.607935e+02 	 8.607935e+02 	 8.607935e+02 
1.292291e-01 	 8.601058e+02 	 8.601058e+02 	 8.601058e+02 
1.302462e-01 	 8.594040e+02 	 8.594040e+02 	 8.594040e+02 
1.312713e-01 	 8.586876e+02 	 8.586876e+02 	 8.586876e+02 
1.323045e-01 	 8.579557e+02 	 8.579557e+02 	 8.579557e+02 
1.333458e-01 	 8.572070e+02 	 8.572070e+02 	 8.572070e+02 
1.343953e-01 	 8.564396e+02 	 8.564396e+02 	 8.564396e+02 
1.354531e-01 	 8.556512e+02 	 8.556512e+02 	 8.556512e+02 
1.365192e-01 	 8.548403e+02 	 8.548403e+02 	 8.548403e+02 
1.375936e-01 	 8.540058e+02 	 8.540058e+02 	 8.540058e+02 
1.386766e-01 	 8.531470e+02 	 8.531470e+02 	 8.531470e+02 
1.397680e-01 	 8.522632e+02 	 8.522632e+02 	 8.522632e+02 
1.408681e-01 	 8.513548e+02 	 8.513548e+02 	 8.513548e+02 
1.419768e-01 	 8.504220e+02 	 8.504220e+02 	 8.504220e+02 
1.430942e-01 	 8.494671e+02 	 8.494671e+02 	 8.494671e+02 
1.442205e-01 	 8.484947e+02 	 8.484947e+02 	 8.484947e+02 
1.453556e-01 	 8.475097e+02 	 8.475097e+02 	 8.475097e+02 
1.464996e-01 	 8.465162e+02 	 8.465162e+02 	 8.465162e+02 
1.476526e-01 	 8.455177e+02 	 8.455177e+02 	 8.455177e+02 
1.488147e-01 	 8.445175e+02 	 8.445175e+02 	 8.445175e+02 
1.499860e-01 	 8.435185e+02 	 8.435185e+02 	 8.435185e+02 
1.511664e-01 	 8.425230e+02 	 8.425230e+02 	 8.425230e+02 
1.523562e-01 	 8.415332e+02 	 8.415332e+02 	 8.415332e+02 
1.535553e-01 	 8.405516e+02 	 8.405516e+02 	 8.405516e+02 
1.547639e-01 	 8.395809e+02 	 8.395809e+02 	 8.395809e+02 
1.559820e-01 	 8.386238e+02 	 8.386238e+02 	 8.386238e+02 
1.572096e-01 	 8.376826e+02 	 8.376826e+02 	 8.376826e+02 
1.584469e-01 	 8.367592e+02 	 8.367592e+02 	 8.367592e+02 
1.596940e-01 	 8.358555e+02 	 8.358555e+02 	 8.358555e+02 
1.609509e-01 	 8.349729e+02 	 8.349729e+02 	 8.349729e+02 
1.622177e-01 	 8.341122e+02 	 8.341122e+02 	 8.341122e+02 
1.634944e-01 	 8.332746e+02 	 8.332746e+02 	 8.332746e+02 
1.647812e-01 	 8.324613e+02 	 8.324613e+02 	 8.324613e+02 
1.660781e-01 	 8.316745e+02 	 8.316745e+02 	 8.316745e+02 
1.673852e-01 	 8.309159e+02 	 8.309159e+02 	 8.309159e+02 
1.687026e-01 	 8.301864e+02 	 8.301864e+02 	 8.301864e+02 
1.700304e-01 	 8.294860e+02 	 8.294860e+02 	 8.294860e+02 
1.713686e-01 	 8.288145e+02 	 8.288145e+02 	 8.288145e+02 
1.727174e-01 	 8.281716e+02 	 8.281716e+02 	 8.281716e+02 
1.740768e-01 	 8.275565e+02 	 8.275565e+02 	 8.275565e+02 
1.754469e-01 	 8.269683e+02 	 8.269683e+02 	 8.269683e+02 
1.768277e-01 	 8.264053e+02 	 8.264053e+02 	 8.264053e+02 
1.782195e-01 	 8.258650e+02 	 8.258650e+02 	 8.258650e+02 
1.796221e-01 	 8.253448e+02 	 8.253448e+02 	 8.253448e+02 
1.810359e-01 	 8.248427e+02 	 8.248427e+02 	 8.248427e+02 
1.824607e-01 	 8.243570e+02 	 8.243570e+02 	 8.243570e+02 
1.838968e-01 	 8.238858e+02 	 8.238858e+02 	 8.238858e+02 
1.853441e-01 	 8.234277e+02 	 8.234277e+02 	 8.234277e+02 
1.868029e-01 	 8.229813e+02 	 8.229813e+02 	 8.229813e+02 
1.882731e-01 	 8.225451e+02 	 8.225451e+02 	 8.225451e+02 
1.897549e-01 	 8.221177e+02 	 8.221177e+02 	 8.221177e+02 
1.912484e-01 	 8.216979e+02 	 8.216979e+02 	 8.216979e+02 
1.927536e-01 	 8.212841e+02 	 8.212841e+02 	 8.212841e+02 
1.942707e-01 	 8.208754e+02 	 8.208754e+02 	 8.208754e+02 
1.957997e-01 	 8.204706e+02 	 8.204706e+02 	 8.204706e+02 
1.973408e-01 	 8.200687e+02 	 8.200687e+02 	 8.200687e+02 
1.988940e-01 	 8.196686e+02 	 8.196686e+02 	 8.196686e+02 
2.004594e-01 	 8.192697e+02 	 8.192697e+02 	 8.192697e+02 
2.020371e-01 	 8.188708e+02 	 8.188708e+02 	 8.188708e+02 
2.036272e-01 	 8.184709e+02 	 8.184709e+02 	 8.184709e+02 
2.052299e-01 	 8.180686e+02 	 8.180686e+02 	 8.180686e+02 
2.068452e-01 	 8.176627e+02 	 8.176627e+02 	 8.176627e+02 
2.084731e-01 	 8.172529e+02 	 8.172529e+02 	 8.172529e+02 
2.101139e-01 	 8.168391e+02 	 8.168391e+02 	 8.168391e+02 
2.117676e-01 	 8.164212e+02 	 8.164212e+02 	 8.164212e+02 
2.134344e-01 	 8.159995e+02 	 8.159995e+02 	 8.159995e+02 
2.151142e-01 	 8.155746e+02 	 8.155746e+02 	 8.155746e+02 
2.168073e-01 	 8.151468e+02 	 8.151468e+02 	 8.151468e+02 
2.185137e-01 	 8.147173e+02 	 8.147173e+02 	 8.147173e+02 
2.202335e-01 	 8.142869e+02 	 8.142869e+02 	 8.142869e+02 
2.219668e-01 	 8.138566e+02 	 8.138566e+02 	 8.138566e+02 
2.237138e-01 	 8.134267e+02 	 8.134267e+02 	 8.134267e+02 
2.254746e-01 	 8.129971e+02 	 8.129971e+02 	 8.129971e+02 
2.272492e-01 	 8.125679e+02 	 8.125679e+02 	 8.125679e+02 
2.290378e-01 	 8.121397e+02 	 8.121397e+02 	 8.121397e+02 
2.308404e-01 	 8.117132e+02 	 8.117132e+02 	 8.117132e+02 
2.326573e-01 	 8.112894e+02 	 8.112894e+02 	 8.112894e+02 
2.344884e-01 	 8.108685e+02 	 8.108685e+02 	 8.108685e+02 
2.363339e-01 	 8.104509e+02 	 8.104509e+02 	 8.104509e+02 
2.381940e-01 	 8.100370e+02 	 8.100370e+02 	 8.100370e+02 
2.400687e-01 	 8.096270e+02 	 8.096270e+02 	 8.096270e+02 
2.419582e-01 	 8.092211e+02 	 8.092211e+02 	 8.092211e+02 
2.438625e-01 	 8.088195e+02 	 8.088195e+02 	 8.088195e+02 
2.457819e-01 	 8.084226e+02 	 8.084226e+02 	 8.084226e+02 
2.477163e-01 	 8.080308e+02 	 8.080308e+02 	 8.080308e+02 
2.496660e-01 	 8.076445e+02 	 8.076445e+02 	 8.076445e+02 
2.516310e-01 	 8.072638e+02 	 8.072638e+02 	 8.072638e+02 
2.536114e-01 	 8.068888e+02 	 8.068888e+02 	 8.068888e+02 
2.556075e-01 	 8.065198e+02 	 8.065198e+02 	 8.065198e+02 
2.576193e-01 	 8.061567e+02 	 8.061567e+02 	 8.061567e+02 
2.596469e-01 	 8.057997e+02 	 8.057997e+02 	 8.057997e+02 
2.616904e-01 	 8.054488e+02 	 8.054488e+02 	 8.054488e+02 
2.637501e-01 	 8.051037e+02 	 8.051037e+02 	 8.051037e+02 
2.658259e-01 	 8.047643e+02 	 8.047643e+02 	 8.047643e+02 
2.679181e-01 	 8.044302e+02 	 8.044302e+02 	 8.044302e+02 
2.700268e-01 	 8.041015e+02 	 8.041015e+02 	 8.041015e+02 
2.721520e-01 	 8.037781e+02 	 8.037781e+02 	 8.037781e+02 
2.742940e-01 	 8.034601e+02 	 8.034601e+02 	 8.034601e+02 
2.764529e-01 	 8.031473e+02 	 8.031473e+02 	 8.031473e+02 
2.786287e-01 	 8.028395e+02 	 8.028395e+02 	 8.028395e+02 
2.808216e-01 	 8.025367e+02 	 8.025367e+02 	 8.025367e+02 
2.830319e-01 	 8.022386e+02 	 8.022386e+02 	 8.022386e+02 
2.852595e-01 	 8.019451e+02 	 8.019451e+02 	 8.019451e+02 
2.875046e-01 	 8.016562e+02 	 8.016562e+02 	 8.016562e+02 
2.897674e-01 	 8.013719e+02 	 8.013719e+02 	 8.013719e+02 
2.920481e-01 	 8.010924e+02 	 8.010924e+02 	 8.010924e+02 
2.943466e-01 	 8.008177e+02 	 8.008177e+02 	 8.008177e+02 
2.966633e-01 	 8.005476e+02 	 8.005476e+02 	 8.005476e+02 
2.989982e-01 	 8.002815e+02 	 8.002815e+02 	 8.002815e+02 
3.013515e-01 	 8.000193e+02 	 8.000193e+02 	 8.000193e+02 
3.037233e-01 	 7.997611e+02 	 7.997611e+02 	 7.997611e+02 
3.061137e-01 	 7.995070e+02 	 7.995070e+02 	 7.995070e+02 
3.085230e-01 	 7.992569e+02 	 7.992569e+02 	 7.992569e+02 
3.109513e-01 	 7.990108e+02 	 7.990108e+02 	 7.990108e+02 
3.133986e-01 	 7.987686e+02 	 7.987686e+02 	 7.987686e+02 
3.158652e-01 	 7.985302e+02 	 7.985302e+02 	 7.985302e+02 
3.183513e-01 	 7.982955e+02 	 7.982955e+02 	 7.982955e+02 
3.208569e-01 	 7.980644e+02 	 7.980644e+02 	 7.980644e+02 
3.233822e-01 	 7.978370e+02 	 7.978370e+02 	 7.978370e+02 
3.259274e-01 	 7.976130e+02 	 7.976130e+02 	 7.976130e+02 
3.284926e-01 	 7.973924e+02 	 7.973924e+02 	 7.973924e+02 
3.310780e-01 	 7.971751e+02 	 7.971751e+02 	 7.971751e+02 
3.336838e-01 	 7.969610e+02 	 7.969610e+02 	 7.969610e+02 
3.363100e-01 	 7.967501e+02 	 7.967501e+02 	 7.967501e+02 
3.389570e-01 	 7.965423e+02 	 7.965423e+02 	 7.965423e+02 
3.416247e-01 	 7.963376e+02 	 7.963376e+02 	 7.963376e+02 
3.443135e-01 	 7.961360e+02 	 7.961360e+02 	 7.961360e+02 
3.470234e-01 	 7.959374e+02 	 7.959374e+02 	 7.959374e+02 
3.497547e-01 	 7.957418e+02 	 7.957418e+02 	 7.957418e+02 
3.525075e-01 	 7.955490e+02 	 7.955490e+02 	 7.955490e+02 
3.552819e-01 	 7.953590e+02 	 7.953590e+02 	 7.953590e+02 
3.580781e-01 	 7.951716e+02 	 7.951716e+02 	 7.951716e+02 
3.608964e-01 	 7.949868e+02 	 7.949868e+02 	 7.949868e+02 
3.637369e-01 	 7.948047e+02 	 7.948047e+02 	 7.948047e+02 
3.665997e-01 	 7.946252e+02 	 7.946252e+02 	 7.946252e+02 
3.694850e-01 	 7.944483e+02 	 7.944483e+02 	 7.944483e+02 
3.723930e-01 	 7.942739e+02 	 7.942739e+02 	 7.942739e+02 
3.753240e-01 	 7.941021e+02 	 7.941021e+02 	 7.941021e+02 
3.782780e-01 	 7.939327e+02 	 7.939327e+02 	 7.939327e+02 
3.812552e-01 	 7.937657e+02 	 7.937657e+02 	 7.937657e+02 
3.842559e-01 	 7.936010e+02 	 7.936010e+02 	 7.936010e+02 
3.872802e-01 	 7.934386e+02 	 7.934386e+02 	 7.934386e+02 
3.903283e-01 	 7.932783e+02 	 7.932783e+02 	 7.932783e+02 
3.934004e-01 	 7.931204e+02 	 7.931204e+02 	 7.931204e+02 
3.964967e-01 	 7.929647e+02 	 7.929647e+02 	 7.929647e+02 
3.996173e-01 	 7.928114e+02 	 7.928114e+02 	 7.928114e+02 
4.027625e-01 	 7.926602e+02 	 7.926602e+02 	 7.926602e+02 
4.059325e-01 	 7.925111e+02 	 7.925111e+02 	 7.925111e+02 
4.091274e-01 	 7.923642e+02 	 7.923642e+02 	 7.923642e+02 
4.123474e-01 	 7.922193e+02 	 7.922193e+02 	 7.922193e+02 
4.155928e-01 	 7.920765e+02 	 7.920765e+02 	 7.920765e+02 
4.188638e-01 	 7.919359e+02 	 7.919359e+02 	 7.919359e+02 
4.221605e-01 	 7.917972e+02 	 7.917972e+02 	 7.917972e+02 
4.254831e-01 	 7.916606e+02 	 7.916606e+02 	 7.916606e+02 
4.288319e-01 	 7.915260e+02 	 7.915260e+02 	 7.915260e+02 
4.322070e-01 	 7.913933e+02 	 7.913933e+02 	 7.913933e+02 
4.356087e-01 	 7.912628e+02 	 7.912628e+02 	 7.912628e+02 
4.390372e-01 	 7.911342e+02 	 7.911342e+02 	 7.911342e+02 
4.424926e-01 	 7.910075e+02 	 7.910075e+02 	 7.910075e+02 
4.459753e-01 	 7.908826e+02 	 7.908826e+02 	 7.908826e+02 
4.494854e-01 	 7.907594e+02 	 7.907594e+02 	 7.907594e+02 
4.530231e-01 	 7.906381e+02 	 7.906381e+02 	 7.906381e+02 
4.565886e-01 	 7.905188e+02 	 7.905188e+02 	 7.905188e+02 
4.601822e-01 	 7.904014e+02 	 7.904014e+02 	 7.904014e+02 
4.638041e-01 	 7.902857e+02 	 7.902857e+02 	 7.902857e+02 
4.674544e-01 	 7.901717e+02 	 7.901717e+02 	 7.901717e+02 
4.711336e-01 	 7.900594e+02 	 7.900594e+02 	 7.900594e+02 
4.748416e-01 	 7.899487e+02 	 7.899487e+02 	 7.899487e+02 
4.785789e-01 	 7.898397e+02 	 7.898397e+02 	 7.898397e+02 
4.823456e-01 	 7.897326e+02 	 7.897326e+02 	 7.897326e+02 
4.861419e-01 	 7.896271e+02 	 7.896271e+02 	 7.896271e+02 
4.899681e-01 	 7.895232e+02 	 7.895232e+02 	 7.895232e+02 
4.938244e-01 	 7.894210e+02 	 7.894210e+02 	 7.894210e+02 
4.977111e-01 	 7.893204e+02 	 7.893204e+02 	 7.893204e+02 
5.016283e-01 	 7.892213e+02 	 7.892213e+02 	 7.892213e+02 
5.055764e-01 	 7.891237e+02 	 7.891237e+02 	 7.891237e+02 
5.095556e-01 	 7.890276e+02 	 7.890276e+02 	 7.890276e+02 
5.135660e-01 	 7.889331e+02 	 7.889331e+02 	 7.889331e+02 
5.176081e-01 	 7.888402e+02 	 7.888402e+02 	 7.888402e+02 
5.216819e-01 	 7.887486e+02 	 7.887486e+02 	 7.887486e+02 
5.257878e-01 	 7.886585e+02 	 7.886585e+02 	 7.886585e+02 
5.299261e-01 	 7.885698e+02 	 7.885698e+02 	 7.885698e+02 
5.340969e-01 	 7.884825e+02 	 7.884825e+02 	 7.884825e+02 
5.383005e-01 	 7.883967e+02 	 7.883967e+02 	 7.883967e+02 
5.425372e-01 	 7.883123e+02 	 7.883123e+02 	 7.883123e+02 
5.468073e-01 	 7.882292e+02 	 7.882292e+02 	 7.882292e+02 
5.511109e-01 	 7.881474e+02 	 7.881474e+02 	 7.881474e+02 
5.554485e-01 	 7.880669e+02 	 7.880669e+02 	 7.880669e+02 
5.598202e-01 	 7.879876e+02 	 7.879876e+02 	 7.879876e+02 
5.642262e-01 	 7.879098e+02 	 7.879098e+02 	 7.879098e+02 
5.686670e-01 	 7.878332e+02 	 7.878332e+02 	 7.878332e+02 
5.731427e-01 	 7.877578e+02 	 7.877578e+02 	 7.877578e+02 
5.776537e-01 	 7.876837e+02 	 7.876837e+02 	 7.876837e+02 
5.822001e-01 	 7.876108e+02 	 7.876108e+02 	 7.876108e+02 
5.867823e-01 	 7.875391e+02 	 7.875391e+02 	 7.875391e+02 
5.914006e-01 	 7.874686e+02 	 7.874686e+02 	 7.874686e+02 
5.960553e-01 	 7.873992e+02 	 7.873992e+02 	 7.873992e+02 
6.007465e-01 	 7.873310e+02 	 7.873310e+02 	 7.873310e+02 
6.054747e-01 	 7.872638e+02 	 7.872638e+02 	 7.872638e+02 
6.102402e-01 	 7.871978e+02 	 7.871978e+02 	 7.871978e+02 
6.150431e-01 	 7.871328e+02 	 7.871328e+02 	 7.871328e+02 
6.198838e-01 	 7.870689e+02 	 7.870689e+02 	 7.870689e+02 
6.247626e-01 	 7.870061e+02 	 7.870061e+02 	 7.870061e+02 
6.296798e-01 	 7.869444e+02 	 7.869444e+02 	 7.869444e+02 
6.346357e-01 	 7.868837e+02 	 7.868837e+02 	 7.868837e+02 
6.396307e-01 	 7.868239e+02 	 7.868239e+02 	 7.868239e+02 
6.446649e-01 	 7.867652e+02 	 7.867652e+02 	 7.867652e+02 
6.497388e-01 	 7.867073e+02 	 7.867073e+02 	 7.867073e+02 
6.548526e-01 	 7.866504e+02 	 7.866504e+02 	 7.866504e+02 
6.600066e-01 	 7.865945e+02 	 7.865945e+02 	 7.865945e+02 
6.652012e-01 	 7.865395e+02 	 7.865395e+02 	 7.865395e+02 
6.704367e-01 	 7.864854e+02 	 7.864854e+02 	 7.864854e+02 
6.757134e-01 	 7.864322e+02 	 7.864322e+02 	 7.864322e+02 
6.810316e-01 	 7.863799e+02 	 7.863799e+02 	 7.863799e+02 
6.863917e-01 	 7.863285e+02 	 7.863285e+02 	 7.863285e+02 
6.917940e-01 	 7.862779e+02 	 7.862779e+02 	 7.862779e+02 
6.972388e-01 	 7.862281e+02 	 7.862281e+02 	 7.862281e+02 
7.027264e-01 	 7.861792e+02 	 7.861792e+02 	 7.861792e+02 
7.082572e-01 	 7.861310e+02 	 7.861310e+02 	 7.861310e+02 
7.138316e-01 	 7.860837e+02 	 7.860837e+02 	 7.860837e+02 
7.194498e-01 	 7.860372e+02 	 7.860372e+02 	 7.860372e+02 
7.251123e-01 	 7.859915e+02 	 7.859915e+02 	 7.859915e+02 
7.308193e-01 	 7.859465e+02 	 7.859465e+02 	 7.859465e+02 
7.365713e-01 	 7.859023e+02 	 7.859023e+02 	 7.859023e+02 
7.423685e-01 	 7.858588e+02 	 7.858588e+02 	 7.858588e+02 
7.482113e-01 	 7.858161e+02 	 7.858161e+02 	 7.858161e+02 
7.541001e-01 	 7.857740e+02 	 7.857740e+02 	 7.857740e+02 
7.600353e-01 	 7.857327e+02 	 7.857327e+02 	 7.857327e+02 
7.660172e-01 	 7.856921e+02 	 7.856921e+02 	 7.856921e+02 
7.720462e-01 	 7.856522e+02 	 7.856522e+02 	 7.856522e+02 
7.781226e-01 	 7.856130e+02 	 7.856130e+02 	 7.856130e+02 
7.842468e-01 	 7.855744e+02 	 7.855744e+02 	 7.855744e+02 
7.904193e-01 	 7.855365e+02 	 7.855365e+02 	 7.855365e+02 
7.966403e-01 	 7.854993e+02 	 7.854993e+02 	 7.854993e+02 
8.029103e-01 	 7.854627e+02 	 7.854627e+02 	 7.854627e+02 
8.092296e-01 	 7.854267e+02 	 7.854267e+02 	 7.854267e+02 
8.155987e-01 	 7.853914e+02 	 7.853914e+02 	 7.853914e+02 
8.220179e-01 	 7.853566e+02 	 7.853566e+02 	 7.853566e+02 
8.284876e-01 	 7.853225e+02 	 7.853225e+02 	 7.853225e+02 
8.350082e-01 	 7.852889e+02 	 7.852889e+02 	 7.852889e+02 
8.415802e-01 	 7.852560e+02 	 7.852560e+02 	 7.852560e+02 
8.482039e-01 	 7.852235e+02 	 7.852235e+02 	 7.852235e+02 
8.548797e-01 	 7.851917e+02 	 7.851917e+02 	 7.851917e+02 
8.616081e-01 	 7.851604e+02 	 7.851604e+02 	 7.851604e+02 
8.683894e-01 	 7.851297e+02 	 7.851297e+02 	 7.851297e+02 
8.752241e-01 	 7.850995e+02 	 7.850995e+02 	 7.850995e+02 
8.821126e-01 	 7.850699e+02 	 7.850699e+02 	 7.850699e+02 
8.890553e-01 	 7.850408e+02 	 7.850408e+02 	 7.850408e+02 
8.960526e-01 	 7.850122e+02 	 7.850122e+02 	 7.850122e+02 
9.031050e-01 	 7.849840e+02 	 7.849840e+02 	 7.849840e+02 
9.102129e-01 	 7.849564e+02 	 7.849564e+02 	 7.849564e+02 
9.173768e-01 	 7.849293e+02 	 7.849293e+02 	 7.849293e+02 
9.245971e-01 	 7.849027e+02 	 7.849027e+02 	 7.849027e+02 
9.318741e-01 	 7.848765e+02 	 7.848765e+02 	 7.848765e+02 
9.392085e-01 	 7.848508e+02 	 7.848508e+02 	 7.848508e+02 
9.466006e-01 	 7.848256e+02 	 7.848256e+02 	 7.848256e+02 
9.540508e-01 	 7.848008e+02 	 7.848008e+02 	 7.848008e+02 
9.615597e-01 	 7.847764e+02 	 7.847764e+02 	 7.847764e+02 
9.691277e-01 	 7.847525e+02 	 7.847525e+02 	 7.847525e+02 
9.767552e-01 	 7.847290e+02 	 7.847290e+02 	 7.847290e+02 
9.844428e-01 	 7.847060e+02 	 7.847060e+02 	 7.847060e+02 
9.921909e-01 	 7.846833e+02 	 7.846833e+02 	 7.846833e+02 
1.000000e+00 	 7.846611e+02 	 7.846611e+02 	 7.846611e+02 
