2.000000e-02 	 1.359728e+03 	 1.359728e+03 	 1.359728e+03 
2.015741e-02 	 1.358027e+03 	 1.358027e+03 	 1.358027e+03 
2.031606e-02 	 1.356260e+03 	 1.356260e+03 	 1.356260e+03 
2.047596e-02 	 1.354416e+03 	 1.354416e+03 	 1.354416e+03 
2.063712e-02 	 1.352493e+03 	 1.352493e+03 	 1.352493e+03 
2.079954e-02 	 1.350494e+03 	 1.350494e+03 	 1.350494e+03 
2.096324e-02 	 1.348426e+03 	 1.348426e+03 	 1.348426e+03 
2.112824e-02 	 1.346292e+03 	 1.346292e+03 	 1.346292e+03 
2.129453e-02 	 1.344093e+03 	 1.344093e+03 	 1.344093e+03 
2.146213e-02 	 1.341828e+03 	 1.341828e+03 	 1.341828e+03 
2.163104e-02 	 1.339498e+03 	 1.339498e+03 	 1.339498e+03 
2.180129e-02 	 1.337099e+03 	 1.337099e+03 	 1.337099e+03 
2.197288e-02 	 1.334629e+03 	 1.334629e+03 	 1.334629e+03 
2.214582e-02 	 1.332083e+03 	 1.332083e+03 	 1.332083e+03 
2.232012e-02 	 1.329459e+03 	 1.329459e+03 	 1.329459e+03 
2.249579e-02 	 1.326751e+03 	 1.326751e+03 	 1.326751e+03 
2.267284e-02 	 1.323967e+03 	 1.323967e+03 	 1.323967e+03 
2.285129e-02 	 1.321119e+03 	 1.321119e+03 	 1.321119e+03 
2.303114e-02 	 1.318223e+03 	 1.318223e+03 	 1.318223e+03 
2.321241e-02 	 1.315278e+03 	 1.315278e+03 	 1.315278e+03 
2.339510e-02 	 1.312268e+03 	 1.312268e+03 	 1.312268e+03 
2.357924e-02 	 1.309177e+03 	 1.309177e+03 	 1.309177e+03 
2.376482e-02 	 1.306002e+03 	 1.306002e+03 	 1.306002e+03 
2.395186e-02 	 1.302748e+03 	 1.302748e+03 	 1.302748e+03 
2.414037e-02 	 1.299424e+03 	 1.299424e+03 	 1.299424e+03 
2.433037e-02 	 1.296037e+03 	 1.296037e+03 	 1.296037e+03 
2.452186e-02 	 1.292594e+03 	 1.292594e+03 	 1.292594e+03 
2.471486e-02 	 1.289101e+03 	 1.289101e+03 	 1.289101e+03 
2.490938e-02 	 1.285557e+03 	 1.285557e+03 	 1.285557e+03 
2.510543e-02 	 1.281955e+03 	 1.281955e+03 	 1.281955e+03 
2.530303e-02 	 1.278284e+03 	 1.278284e+03 	 1.278284e+03 
2.550218e-02 	 1.274545e+03 	 1.274545e+03 	 1.274545e+03 
2.570289e-02 	 1.270742e+03 	 1.270742e+03 	 1.270742e+03 
2.590519e-02 	 1.266878e+03 	 1.266878e+03 	 1.266878e+03 
2.610907e-02 	 1.262955e+03 	 1.262955e+03 	 1.262955e+03 
2.631457e-02 	 1.258974e+03 	 1.258974e+03 	 1.258974e+03 
2.652168e-02 	 1.254937e+03 	 1.254937e+03 	 1.254937e+03 
2.673042e-02 	 1.250846e+03 	 1.250846e+03 	 1.250846e+03 
2.694080e-02 	 1.246706e+03 	 1.246706e+03 	 1.246706e+03 
2.715284e-02 	 1.242521e+03 	 1.242521e+03 	 1.242521e+03 
2.736655e-02 	 1.238287e+03 	 1.238287e+03 	 1.238287e+03 
2.758193e-02 	 1.233999e+03 	 1.233999e+03 	 1.233999e+03 
2.779902e-02 	 1.229650e+03 	 1.229650e+03 	 1.229650e+03 
2.801781e-02 	 1.225245e+03 	 1.225245e+03 	 1.225245e+03 
2.823833e-02 	 1.220793e+03 	 1.220793e+03 	 1.220793e+03 
2.846058e-02 	 1.216304e+03 	 1.216304e+03 	 1.216304e+03 
2.868458e-02 	 1.211780e+03 	 1.211780e+03 	 1.211780e+03 
2.891034e-02 	 1.207220e+03 	 1.207220e+03 	 1.207220e+03 
2.913788e-02 	 1.202621e+03 	 1.202621e+03 	 1.202621e+03 
2.936721e-02 	 1.197982e+03 	 1.197982e+03 	 1.197982e+03 
2.959835e-02 	 1.193298e+03 	 1.193298e+03 	 1.193298e+03 
2.983130e-02 	 1.188568e+03 	 1.188568e+03 	 1.188568e+03 
3.006609e-02 	 1.183796e+03 	 1.183796e+03 	 1.183796e+03 
3.030273e-02 	 1.178995e+03 	 1.178995e+03 	 1.178995e+03 
3.054123e-02 	 1.174172e+03 	 1.174172e+03 	 1.174172e+03 
3.078160e-02 	 1.169331e+03 	 1.169331e+03 	 1.169331e+03 
3.102387e-02 	 1.164469e+03 	 1.164469e+03 	 1.164469e+03 
3.126804e-02 	 1.159587e+03 	 1.159587e+03 	 1.159587e+03 
3.151414e-02 	 1.154685e+03 	 1.154685e+03 	 1.154685e+03 
3.176217e-02 	 1.149761e+03 	 1.149761e+03 	 1.149761e+03 
3.201216e-02 	 1.144816e+03 	 1.144816e+03 	 1.144816e+03 
3.226411e-02 	 1.139852e+03 	 1.139852e+03 	 1.139852e+03 
3.251805e-02 	 1.134873e+03 	 1.134873e+03 	 1.134873e+03 
3.277398e-02 	 1.129881e+03 	 1.129881e+03 	 1.129881e+03 
3.303193e-02 	 1.124878e+03 	 1.124878e+03 	 1.124878e+03 
3.329191e-02 	 1.119867e+03 	 1.119867e+03 	 1.119867e+03 
3.355394e-02 	 1.114850e+03 	 1.114850e+03 	 1.114850e+03 
3.381802e-02 	 1.109827e+03 	 1.109827e+03 	 1.109827e+03 
3.408419e-02 	 1.104798e+03 	 1.104798e+03 	 1.104798e+03 
3.435245e-02 	 1.099763e+03 	 1.099763e+03 	 1.099763e+03 
3.462282e-02 	 1.094726e+03 	 1.094726e+03 	 1.094726e+03 
3.489532e-02 	 1.089693e+03 	 1.089693e+03 	 1.089693e+03 
3.516997e-02 	 1.084667e+03 	 1.084667e+03 	 1.084667e+03 
3.544677e-02 	 1.079649e+03 	 1.079649e+03 	 1.079649e+03 
3.572576e-02 	 1.074639e+03 	 1.074639e+03 	 1.074639e+03 
3.600694e-02 	 1.069638e+03 	 1.069638e+03 	 1.069638e+03 
3.629033e-02 	 1.064648e+03 	 1.064648e+03 	 1.064648e+03 
3.657596e-02 	 1.059672e+03 	 1.059672e+03 	 1.059672e+03 
3.686383e-02 	 1.054713e+03 	 1.054713e+03 	 1.054713e+03 
3.715397e-02 	 1.049775e+03 	 1.049775e+03 	 1.049775e+03 
3.744639e-02 	 1.044860e+03 	 1.044860e+03 	 1.044860e+03 
3.774111e-02 	 1.039972e+03 	 1.039972e+03 	 1.039972e+03 
3.803816e-02 	 1.035112e+03 	 1.035112e+03 	 1.035112e+03 
3.833754e-02 	 1.030282e+03 	 1.030282e+03 	 1.030282e+03 
3.863927e-02 	 1.025484e+03 	 1.025484e+03 	 1.025484e+03 
3.894339e-02 	 1.020721e+03 	 1.020721e+03 	 1.020721e+03 
3.924989e-02 	 1.015992e+03 	 1.015992e+03 	 1.015992e+03 
3.955881e-02 	 1.011299e+03 	 1.011299e+03 	 1.011299e+03 
3.987016e-02 	 1.006643e+03 	 1.006643e+03 	 1.006643e+03 
4.018396e-02 	 1.002027e+03 	 1.002027e+03 	 1.002027e+03 
4.050023e-02 	 9.974517e+02 	 9.974517e+02 	 9.974517e+02 
4.081898e-02 	 9.929187e+02 	 9.929187e+02 	 9.929187e+02 
4.114025e-02 	 9.884301e+02 	 9.884301e+02 	 9.884301e+02 
4.146405e-02 	 9.839880e+02 	 9.839880e+02 	 9.839880e+02 
4.179039e-02 	 9.795943e+02 	 9.795943e+02 	 9.795943e+02 
4.211931e-02 	 9.752511e+02 	 9.752511e+02 	 9.752511e+02 
4.245081e-02 	 9.709598e+02 	 9.709598e+02 	 9.709598e+02 
4.278492e-02 	 9.667197e+02 	 9.667197e+02 	 9.667197e+02 
4.312166e-02 	 9.625296e+02 	 9.625296e+02 	 9.625296e+02 
4.346105e-02 	 9.583895e+02 	 9.583895e+02 	 9.583895e+02 
4.380311e-02 	 9.543012e+02 	 9.543012e+02 	 9.543012e+02 
4.414786e-02 	 9.502669e+02 	 9.502669e+02 	 9.502669e+02 
4.449533e-02 	 9.462879e+02 	 9.462879e+02 	 9.462879e+02 
4.484553e-02 	 9.423639e+02 	 9.423639e+02 	 9.423639e+02 
4.519849e-02 	 9.384945e+02 	 9.384945e+02 	 9.384945e+02 
4.555423e-02 	 9.346799e+02 	 9.346799e+02 	 9.346799e+02 
4.591276e-02 	 9.309219e+02 	 9.309219e+02 	 9.309219e+02 
4.627412e-02 	 9.272226e+02 	 9.272226e+02 	 9.272226e+02 
4.663832e-02 	 9.235826e+02 	 9.235826e+02 	 9.235826e+02 
4.700539e-02 	 9.200005e+02 	 9.200005e+02 	 9.200005e+02 
4.737535e-02 	 9.164744e+02 	 9.164744e+02 	 9.164744e+02 
4.774822e-02 	 9.130038e+02 	 9.130038e+02 	 9.130038e+02 
4.812402e-02 	 9.095905e+02 	 9.095905e+02 	 9.095905e+02 
4.850279e-02 	 9.062366e+02 	 9.062366e+02 	 9.062366e+02 
4.888453e-02 	 9.029435e+02 	 9.029435e+02 	 9.029435e+02 
4.926928e-02 	 8.997109e+02 	 8.997109e+02 	 8.997109e+02 
4.965705e-02 	 8.965387e+02 	 8.965387e+02 	 8.965387e+02 
5.004788e-02 	 8.934267e+02 	 8.934267e+02 	 8.934267e+02 
5.044178e-02 	 8.903752e+02 	 8.903752e+02 	 8.903752e+02 
5.083879e-02 	 8.873846e+02 	 8.873846e+02 	 8.873846e+02 
5.123892e-02 	 8.844547e+02 	 8.844547e+02 	 8.844547e+02 
5.164219e-02 	 8.815849e+02 	 8.815849e+02 	 8.815849e+02 
5.204865e-02 	 8.787742e+02 	 8.787742e+02 	 8.787742e+02 
5.245830e-02 	 8.760210e+02 	 8.760210e+02 	 8.760210e+02 
5.287117e-02 	 8.733218e+02 	 8.733218e+02 	 8.733218e+02 
5.328730e-02 	 8.706733e+02 	 8.706733e+02 	 8.706733e+02 
5.370670e-02 	 8.680719e+02 	 8.680719e+02 	 8.680719e+02 
5.412940e-02 	 8.655142e+02 	 8.655142e+02 	 8.655142e+02 
5.455542e-02 	 8.629965e+02 	 8.629965e+02 	 8.629965e+02 
5.498480e-02 	 8.605155e+02 	 8.605155e+02 	 8.605155e+02 
5.541756e-02 	 8.580676e+02 	 8.580676e+02 	 8.580676e+02 
5.585373e-02 	 8.556495e+02 	 8.556495e+02 	 8.556495e+02 
5.629333e-02 	 8.532582e+02 	 8.532582e+02 	 8.532582e+02 
5.673639e-02 	 8.508912e+02 	 8.508912e+02 	 8.508912e+02 
5.718293e-02 	 8.485458e+02 	 8.485458e+02 	 8.485458e+02 
5.763299e-02 	 8.462190e+02 	 8.462190e+02 	 8.462190e+02 
5.808660e-02 	 8.439073e+02 	 8.439073e+02 	 8.439073e+02 
5.854377e-02 	 8.416072e+02 	 8.416072e+02 	 8.416072e+02 
5.900454e-02 	 8.393160e+02 	 8.393160e+02 	 8.393160e+02 
5.946894e-02 	 8.370320e+02 	 8.370320e+02 	 8.370320e+02 
5.993699e-02 	 8.347537e+02 	 8.347537e+02 	 8.347537e+02 
6.040873e-02 	 8.324788e+02 	 8.324788e+02 	 8.324788e+02 
6.088418e-02 	 8.302043e+02 	 8.302043e+02 	 8.302043e+02 
6.136337e-02 	 8.279274e+02 	 8.279274e+02 	 8.279274e+02 
6.184633e-02 	 8.256453e+02 	 8.256453e+02 	 8.256453e+02 
6.233309e-02 	 8.233556e+02 	 8.233556e+02 	 8.233556e+02 
6.282369e-02 	 8.210555e+02 	 8.210555e+02 	 8.210555e+02 
6.331814e-02 	 8.187423e+02 	 8.187423e+02 	 8.187423e+02 
6.381649e-02 	 8.164131e+02 	 8.164131e+02 	 8.164131e+02 
6.431876e-02 	 8.140647e+02 	 8.140647e+02 	 8.140647e+02 
6.482498e-02 	 8.116934e+02 	 8.116934e+02 	 8.116934e+02 
6.533519e-02 	 8.092947e+02 	 8.092947e+02 	 8.092947e+02 
6.584941e-02 	 8.068641e+02 	 8.068641e+02 	 8.068641e+02 
6.636769e-02 	 8.043972e+02 	 8.043972e+02 	 8.043972e+02 
6.689003e-02 	 8.018901e+02 	 8.018901e+02 	 8.018901e+02 
6.741649e-02 	 7.993384e+02 	 7.993384e+02 	 7.993384e+02 
6.794710e-02 	 7.967386e+02 	 7.967386e+02 	 7.967386e+02 
6.848188e-02 	 7.940870e+02 	 7.940870e+02 	 7.940870e+02 
6.902087e-02 	 7.913799e+02 	 7.913799e+02 	 7.913799e+02 
6.956410e-02 	 7.886146e+02 	 7.886146e+02 	 7.886146e+02 
7.011161e-02 	 7.857885e+02 	 7.857885e+02 	 7.857885e+02 
7.066342e-02 	 7.828991e+02 	 7.828991e+02 	 7.828991e+02 
7.121958e-02 	 7.799443e+02 	 7.799443e+02 	 7.799443e+02 
7.178012e-02 	 7.769224e+02 	 7.769224e+02 	 7.769224e+02 
7.234507e-02 	 7.738314e+02 	 7.738314e+02 	 7.738314e+02 
7.291446e-02 	 7.706679e+02 	 7.706679e+02 	 7.706679e+02 
7.348834e-02 	 7.674281e+02 	 7.674281e+02 	 7.674281e+02 
7.406673e-02 	 7.641081e+02 	 7.641081e+02 	 7.641081e+02 
7.464967e-02 	 7.607075e+02 	 7.607075e+02 	 7.607075e+02 
7.523721e-02 	 7.572275e+02 	 7.572275e+02 	 7.572275e+02 
7.582936e-02 	 7.536690e+02 	 7.536690e+02 	 7.536690e+02 
7.642618e-02 	 7.500315e+02 	 7.500315e+02 	 7.500315e+02 
7.702770e-02 	 7.463132e+02 	 7.463132e+02 	 7.463132e+02 
7.763395e-02 	 7.425137e+02 	 7.425137e+02 	 7.425137e+02 
7.824497e-02 	 7.386410e+02 	 7.386410e+02 	 7.386410e+02 
7.886080e-02 	 7.347066e+02 	 7.347066e+02 	 7.347066e+02 
7.948147e-02 	 7.307224e+02 	 7.307224e+02 	 7.307224e+02 
8.010704e-02 	 7.266976e+02 	 7.266976e+02 	 7.266976e+02 
8.073752e-02 	 7.226410e+02 	 7.226410e+02 	 7.226410e+02 
8.137297e-02 	 7.185611e+02 	 7.185611e+02 	 7.185611e+02 
8.201342e-02 	 7.144659e+02 	 7.144659e+02 	 7.144659e+02 
8.265891e-02 	 7.103633e+02 	 7.103633e+02 	 7.103633e+02 
8.330948e-02 	 7.062613e+02 	 7.062613e+02 	 7.062613e+02 
8.396517e-02 	 7.021677e+02 	 7.021677e+02 	 7.021677e+02 
8.462602e-02 	 6.980904e+02 	 6.980904e+02 	 6.980904e+02 
8.529207e-02 	 6.940373e+02 	 6.940373e+02 	 6.940373e+02 
8.596336e-02 	 6.900144e+02 	 6.900144e+02 	 6.900144e+02 
8.663994e-02 	 6.860274e+02 	 6.860274e+02 	 6.860274e+02 
8.732184e-02 	 6.820818e+02 	 6.820818e+02 	 6.820818e+02 
8.800911e-02 	 6.781825e+02 	 6.781825e+02 	 6.781825e+02 
8.870179e-02 	 6.743343e+02 	 6.743343e+02 	 6.743343e+02 
8.939992e-02 	 6.705418e+02 	 6.705418e+02 	 6.705418e+02 
9.010355e-02 	 6.668096e+02 	 6.668096e+02 	 6.668096e+02 
9.081271e-02 	 6.631420e+02 	 6.631420e+02 	 6.631420e+02 
9.152746e-02 	 6.595435e+02 	 6.595435e+02 	 6.595435e+02 
9.224783e-02 	 6.560183e+02 	 6.560183e+02 	 6.560183e+02 
9.297387e-02 	 6.525708e+02 	 6.525708e+02 	 6.525708e+02 
9.370562e-02 	 6.492041e+02 	 6.492041e+02 	 6.492041e+02 
9.444314e-02 	 6.459184e+02 	 6.459184e+02 	 6.459184e+02 
9.518645e-02 	 6.427127e+02 	 6.427127e+02 	 6.427127e+02 
9.593562e-02 	 6.395860e+02 	 6.395860e+02 	 6.395860e+02 
9.669069e-02 	 6.365378e+02 	 6.365378e+02 	 6.365378e+02 
9.745169e-02 	 6.335676e+02 	 6.335676e+02 	 6.335676e+02 
9.821869e-02 	 6.306745e+02 	 6.306745e+02 	 6.306745e+02 
9.899173e-02 	 6.278571e+02 	 6.278571e+02 	 6.278571e+02 
9.977084e-02 	 6.251136e+02 	 6.251136e+02 	 6.251136e+02 
1.005561e-01 	 6.224422e+02 	 6.224422e+02 	 6.224422e+02 
1.013475e-01 	 6.198422e+02 	 6.198422e+02 	 6.198422e+02 
1.021452e-01 	 6.173126e+02 	 6.173126e+02 	 6.173126e+02 
1.029491e-01 	 6.148521e+02 	 6.148521e+02 	 6.148521e+02 
1.037594e-01 	 6.124588e+02 	 6.124588e+02 	 6.124588e+02 
1.045760e-01 	 6.101301e+02 	 6.101301e+02 	 6.101301e+02 
1.053991e-01 	 6.078644e+02 	 6.078644e+02 	 6.078644e+02 
1.062286e-01 	 6.056614e+02 	 6.056614e+02 	 6.056614e+02 
1.070647e-01 	 6.035210e+02 	 6.035210e+02 	 6.035210e+02 
1.079074e-01 	 6.014432e+02 	 6.014432e+02 	 6.014432e+02 
1.087567e-01 	 5.994278e+02 	 5.994278e+02 	 5.994278e+02 
1.096126e-01 	 5.974745e+02 	 5.974745e+02 	 5.974745e+02 
1.104754e-01 	 5.955821e+02 	 5.955821e+02 	 5.955821e+02 
1.113449e-01 	 5.937481e+02 	 5.937481e+02 	 5.937481e+02 
1.122212e-01 	 5.919698e+02 	 5.919698e+02 	 5.919698e+02 
1.131044e-01 	 5.902449e+02 	 5.902449e+02 	 5.902449e+02 
1.139946e-01 	 5.885739e+02 	 5.885739e+02 	 5.885739e+02 
1.148918e-01 	 5.869569e+02 	 5.869569e+02 	 5.869569e+02 
1.157961e-01 	 5.853927e+02 	 5.853927e+02 	 5.853927e+02 
1.167075e-01 	 5.838758e+02 	 5.838758e+02 	 5.838758e+02 
1.176260e-01 	 5.824004e+02 	 5.824004e+02 	 5.824004e+02 
1.185518e-01 	 5.809604e+02 	 5.809604e+02 	 5.809604e+02 
1.194849e-01 	 5.795498e+02 	 5.795498e+02 	 5.795498e+02 
1.204253e-01 	 5.781627e+02 	 5.781627e+02 	 5.781627e+02 
1.213731e-01 	 5.767926e+02 	 5.767926e+02 	 5.767926e+02 
1.223284e-01 	 5.754325e+02 	 5.754325e+02 	 5.754325e+02 
1.232911e-01 	 5.740752e+02 	 5.740752e+02 	 5.740752e+02 
1.242615e-01 	 5.727157e+02 	 5.727157e+02 	 5.727157e+02 
1.252395e-01 	 5.713523e+02 	 5.713523e+02 	 5.713523e+02 
1.262252e-01 	 5.699838e+02 	 5.699838e+02 	 5.699838e+02 
1.272187e-01 	 5.686066e+02 	 5.686066e+02 	 5.686066e+02 
1.282200e-01 	 5.672136e+02 	 5.672136e+02 	 5.672136e+02 
1.292291e-01 	 5.657972e+02 	 5.657972e+02 	 5.657972e+02 
1.302462e-01 	 5.643521e+02 	 5.643521e+02 	 5.643521e+02 
1.312713e-01 	 5.628766e+02 	 5.628766e+02 	 5.628766e+02 
1.323045e-01 	 5.613692e+02 	 5.613692e+02 	 5.613692e+02 
1.333458e-01 	 5.598274e+02 	 5.598274e+02 	 5.598274e+02 
1.343953e-01 	 5.582470e+02 	 5.582470e+02 	 5.582470e+02 
1.354531e-01 	 5.566234e+02 	 5.566234e+02 	 5.566234e+02 
1.365192e-01 	 5.549533e+02 	 5.549533e+02 	 5.549533e+02 
1.375936e-01 	 5.532348e+02 	 5.532348e+02 	 5.532348e+02 
1.386766e-01 	 5.514661e+02 	 5.514661e+02 	 5.514661e+02 
1.397680e-01 	 5.496461e+02 	 5.496461e+02 	 5.496461e+02 
1.408681e-01 	 5.477753e+02 	 5.477753e+02 	 5.477753e+02 
1.419768e-01 	 5.458543e+02 	 5.458543e+02 	 5.458543e+02 
1.430942e-01 	 5.438877e+02 	 5.438877e+02 	 5.438877e+02 
1.442205e-01 	 5.418851e+02 	 5.418851e+02 	 5.418851e+02 
1.453556e-01 	 5.398565e+02 	 5.398565e+02 	 5.398565e+02 
1.464996e-01 	 5.378105e+02 	 5.378105e+02 	 5.378105e+02 
1.476526e-01 	 5.357541e+02 	 5.357541e+02 	 5.357541e+02 
1.488147e-01 	 5.336943e+02 	 5.336943e+02 	 5.336943e+02 
1.499860e-01 	 5.316371e+02 	 5.316371e+02 	 5.316371e+02 
1.511664e-01 	 5.295868e+02 	 5.295868e+02 	 5.295868e+02 
1.523562e-01 	 5.275484e+02 	 5.275484e+02 	 5.275484e+02 
1.535553e-01 	 5.255269e+02 	 5.255269e+02 	 5.255269e+02 
1.547639e-01 	 5.235277e+02 	 5.235277e+02 	 5.235277e+02 
1.559820e-01 	 5.215567e+02 	 5.215567e+02 	 5.215567e+02 
1.572096e-01 	 5.196183e+02 	 5.196183e+02 	 5.196183e+02 
1.584469e-01 	 5.177167e+02 	 5.177167e+02 	 5.177167e+02 
1.596940e-01 	 5.158556e+02 	 5.158556e+02 	 5.158556e+02 
1.609509e-01 	 5.140379e+02 	 5.140379e+02 	 5.140379e+02 
1.622177e-01 	 5.122655e+02 	 5.122655e+02 	 5.122655e+02 
1.634944e-01 	 5.105404e+02 	 5.105404e+02 	 5.105404e+02 
1.647812e-01 	 5.088656e+02 	 5.088656e+02 	 5.088656e+02 
1.660781e-01 	 5.072452e+02 	 5.072452e+02 	 5.072452e+02 
1.673852e-01 	 5.056829e+02 	 5.056829e+02 	 5.056829e+02 
1.687026e-01 	 5.041806e+02 	 5.041806e+02 	 5.041806e+02 
1.700304e-01 	 5.027381e+02 	 5.027381e+02 	 5.027381e+02 
1.713686e-01 	 5.013553e+02 	 5.013553e+02 	 5.013553e+02 
1.727174e-01 	 5.000312e+02 	 5.000312e+02 	 5.000312e+02 
1.740768e-01 	 4.987644e+02 	 4.987644e+02 	 4.987644e+02 
1.754469e-01 	 4.975531e+02 	 4.975531e+02 	 4.975531e+02 
1.768277e-01 	 4.963937e+02 	 4.963937e+02 	 4.963937e+02 
1.782195e-01 	 4.952810e+02 	 4.952810e+02 	 4.952810e+02 
1.796221e-01 	 4.942097e+02 	 4.942097e+02 	 4.942097e+02 
1.810359e-01 	 4.931756e+02 	 4.931756e+02 	 4.931756e+02 
1.824607e-01 	 4.921753e+02 	 4.921753e+02 	 4.921753e+02 
1.838968e-01 	 4.912050e+02 	 4.912050e+02 	 4.912050e+02 
1.853441e-01 	 4.902616e+02 	 4.902616e+02 	 4.902616e+02 
1.868029e-01 	 4.893423e+02 	 4.893423e+02 	 4.893423e+02 
1.882731e-01 	 4.884439e+02 	 4.884439e+02 	 4.884439e+02 
1.897549e-01 	 4.875637e+02 	 4.875637e+02 	 4.875637e+02 
1.912484e-01 	 4.866990e+02 	 4.866990e+02 	 4.866990e+02 
1.927536e-01 	 4.858470e+02 	 4.858470e+02 	 4.858470e+02 
1.942707e-01 	 4.850052e+02 	 4.850052e+02 	 4.850052e+02 
1.957997e-01 	 4.841716e+02 	 4.841716e+02 	 4.841716e+02 
1.973408e-01 	 4.833438e+02 	 4.833438e+02 	 4.833438e+02 
1.988940e-01 	 4.825200e+02 	 4.825200e+02 	 4.825200e+02 
2.004594e-01 	 4.816984e+02 	 4.816984e+02 	 4.816984e+02 
2.020371e-01 	 4.808769e+02 	 4.808769e+02 	 4.808769e+02 
2.036272e-01 	 4.800533e+02 	 4.800533e+02 	 4.800533e+02 
2.052299e-01 	 4.792248e+02 	 4.792248e+02 	 4.792248e+02 
2.068452e-01 	 4.783890e+02 	 4.783890e+02 	 4.783890e+02 
2.084731e-01 	 4.775450e+02 	 4.775450e+02 	 4.775450e+02 
2.101139e-01 	 4.766928e+02 	 4.766928e+02 	 4.766928e+02 
2.117676e-01 	 4.758321e+02 	 4.758321e+02 	 4.758321e+02 
2.134344e-01 	 4.749638e+02 	 4.749638e+02 	 4.749638e+02 
2.151142e-01 	 4.740886e+02 	 4.740886e+02 	 4.740886e+02 
2.168073e-01 	 4.732077e+02 	 4.732077e+02 	 4.732077e+02 
2.185137e-01 	 4.723230e+02 	 4.723230e+02 	 4.723230e+02 
2.202335e-01 	 4.714367e+02 	 4.714367e+02 	 4.714367e+02 
2.219668e-01 	 4.705507e+02 	 4.705507e+02 	 4.705507e+02 
2.237138e-01 	 4.696653e+02 	 4.696653e+02 	 4.696653e+02 
2.254746e-01 	 4.687806e+02 	 4.687806e+02 	 4.687806e+02 
2.272492e-01 	 4.678966e+02 	 4.678966e+02 	 4.678966e+02 
2.290378e-01 	 4.670146e+02 	 4.670146e+02 	 4.670146e+02 
2.308404e-01 	 4.661364e+02 	 4.661364e+02 	 4.661364e+02 
2.326573e-01 	 4.652635e+02 	 4.652635e+02 	 4.652635e+02 
2.344884e-01 	 4.643968e+02 	 4.643968e+02 	 4.643968e+02 
2.363339e-01 	 4.635368e+02 	 4.635368e+02 	 4.635368e+02 
2.381940e-01 	 4.626844e+02 	 4.626844e+02 	 4.626844e+02 
2.400687e-01 	 4.618400e+02 	 4.618400e+02 	 4.618400e+02 
2.419582e-01 	 4.610040e+02 	 4.610040e+02 	 4.610040e+02 
2.438625e-01 	 4.601770e+02 	 4.601770e+02 	 4.601770e+02 
2.457819e-01 	 4.593596e+02 	 4.593596e+02 	 4.593596e+02 
2.477163e-01 	 4.585528e+02 	 4.585528e+02 	 4.585528e+02 
2.496660e-01 	 4.577572e+02 	 4.577572e+02 	 4.577572e+02 
2.516310e-01 	 4.569732e+02 	 4.569732e+02 	 4.569732e+02 
2.536114e-01 	 4.562010e+02 	 4.562010e+02 	 4.562010e+02 
2.556075e-01 	 4.554409e+02 	 4.554409e+02 	 4.554409e+02 
2.576193e-01 	 4.546932e+02 	 4.546932e+02 	 4.546932e+02 
2.596469e-01 	 4.539580e+02 	 4.539580e+02 	 4.539580e+02 
2.616904e-01 	 4.532353e+02 	 4.532353e+02 	 4.532353e+02 
2.637501e-01 	 4.525247e+02 	 4.525247e+02 	 4.525247e+02 
2.658259e-01 	 4.518257e+02 	 4.518257e+02 	 4.518257e+02 
2.679181e-01 	 4.511376e+02 	 4.511376e+02 	 4.511376e+02 
2.700268e-01 	 4.504606e+02 	 4.504606e+02 	 4.504606e+02 
2.721520e-01 	 4.497947e+02 	 4.497947e+02 	 4.497947e+02 
2.742940e-01 	 4.491398e+02 	 4.491398e+02 	 4.491398e+02 
2.764529e-01 	 4.484956e+02 	 4.484956e+02 	 4.484956e+02 
2.786287e-01 	 4.478618e+02 	 4.478618e+02 	 4.478618e+02 
2.808216e-01 	 4.472381e+02 	 4.472381e+02 	 4.472381e+02 
2.830319e-01 	 4.466241e+02 	 4.466241e+02 	 4.466241e+02 
2.852595e-01 	 4.460197e+02 	 4.460197e+02 	 4.460197e+02 
2.875046e-01 	 4.454247e+02 	 4.454247e+02 	 4.454247e+02 
2.897674e-01 	 4.448393e+02 	 4.448393e+02 	 4.448393e+02 
2.920481e-01 	 4.442637e+02 	 4.442637e+02 	 4.442637e+02 
2.943466e-01 	 4.436980e+02 	 4.436980e+02 	 4.436980e+02 
2.966633e-01 	 4.431416e+02 	 4.431416e+02 	 4.431416e+02 
2.989982e-01 	 4.425937e+02 	 4.425937e+02 	 4.425937e+02 
3.013515e-01 	 4.420538e+02 	 4.420538e+02 	 4.420538e+02 
3.037233e-01 	 4.415221e+02 	 4.415221e+02 	 4.415221e+02 
3.061137e-01 	 4.409987e+02 	 4.409987e+02 	 4.409987e+02 
3.085230e-01 	 4.404836e+02 	 4.404836e+02 	 4.404836e+02 
3.109513e-01 	 4.399768e+02 	 4.399768e+02 	 4.399768e+02 
3.133986e-01 	 4.394780e+02 	 4.394780e+02 	 4.394780e+02 
3.158652e-01 	 4.389870e+02 	 4.389870e+02 	 4.389870e+02 
3.183513e-01 	 4.385036e+02 	 4.385036e+02 	 4.385036e+02 
3.208569e-01 	 4.380278e+02 	 4.380278e+02 	 4.380278e+02 
3.233822e-01 	 4.375594e+02 	 4.375594e+02 	 4.375594e+02 
3.259274e-01 	 4.370981e+02 	 4.370981e+02 	 4.370981e+02 
3.284926e-01 	 4.366438e+02 	 4.366438e+02 	 4.366438e+02 
3.310780e-01 	 4.361963e+02 	 4.361963e+02 	 4.361963e+02 
3.336838e-01 	 4.357554e+02 	 4.357554e+02 	 4.357554e+02 
3.363100e-01 	 4.353210e+02 	 4.353210e+02 	 4.353210e+02 
3.389570e-01 	 4.348930e+02 	 4.348930e+02 	 4.348930e+02 
3.416247e-01 	 4.344715e+02 	 4.344715e+02 	 4.344715e+02 
3.443135e-01 	 4.340563e+02 	 4.340563e+02 	 4.340563e+02 
3.470234e-01 	 4.336474e+02 	 4.336474e+02 	 4.336474e+02 
3.497547e-01 	 4.332446e+02 	 4.332446e+02 	 4.332446e+02 
3.525075e-01 	 4.328476e+02 	 4.328476e+02 	 4.328476e+02 
3.552819e-01 	 4.324561e+02 	 4.324561e+02 	 4.324561e+02 
3.580781e-01 	 4.320702e+02 	 4.320702e+02 	 4.320702e+02 
3.608964e-01 	 4.316898e+02 	 4.316898e+02 	 4.316898e+02 
3.637369e-01 	 4.313147e+02 	 4.313147e+02 	 4.313147e+02 
3.665997e-01 	 4.309450e+02 	 4.309450e+02 	 4.309450e+02 
3.694850e-01 	 4.305807e+02 	 4.305807e+02 	 4.305807e+02 
3.723930e-01 	 4.302216e+02 	 4.302216e+02 	 4.302216e+02 
3.753240e-01 	 4.298676e+02 	 4.298676e+02 	 4.298676e+02 
3.782780e-01 	 4.295188e+02 	 4.295188e+02 	 4.295188e+02 
3.812552e-01 	 4.291748e+02 	 4.291748e+02 	 4.291748e+02 
3.842559e-01 	 4.288357e+02 	 4.288357e+02 	 4.288357e+02 
3.872802e-01 	 4.285012e+02 	 4.285012e+02 	 4.285012e+02 
3.903283e-01 	 4.281712e+02 	 4.281712e+02 	 4.281712e+02 
3.934004e-01 	 4.278459e+02 	 4.278459e+02 	 4.278459e+02 
3.964967e-01 	 4.275254e+02 	 4.275254e+02 	 4.275254e+02 
3.996173e-01 	 4.272096e+02 	 4.272096e+02 	 4.272096e+02 
4.027625e-01 	 4.268982e+02 	 4.268982e+02 	 4.268982e+02 
4.059325e-01 	 4.265912e+02 	 4.265912e+02 	 4.265912e+02 
4.091274e-01 	 4.262885e+02 	 4.262885e+02 	 4.262885e+02 
4.123474e-01 	 4.259901e+02 	 4.259901e+02 	 4.259901e+02 
4.155928e-01 	 4.256961e+02 	 4.256961e+02 	 4.256961e+02 
4.188638e-01 	 4.254065e+02 	 4.254065e+02 	 4.254065e+02 
4.221605e-01 	 4.251210e+02 	 4.251210e+02 	 4.251210e+02 
4.254831e-01 	 4.248396e+02 	 4.248396e+02 	 4.248396e+02 
4.288319e-01 	 4.245624e+02 	 4.245624e+02 	 4.245624e+02 
4.322070e-01 	 4.242892e+02 	 4.242892e+02 	 4.242892e+02 
4.356087e-01 	 4.240203e+02 	 4.240203e+02 	 4.240203e+02 
4.390372e-01 	 4.237555e+02 	 4.237555e+02 	 4.237555e+02 
4.424926e-01 	 4.234946e+02 	 4.234946e+02 	 4.234946e+02 
4.459753e-01 	 4.232373e+02 	 4.232373e+02 	 4.232373e+02 
4.494854e-01 	 4.229836e+02 	 4.229836e+02 	 4.229836e+02 
4.530231e-01 	 4.227339e+02 	 4.227339e+02 	 4.227339e+02 
4.565886e-01 	 4.224881e+02 	 4.224881e+02 	 4.224881e+02 
4.601822e-01 	 4.222463e+02 	 4.222463e+02 	 4.222463e+02 
4.638041e-01 	 4.220082e+02 	 4.220082e+02 	 4.220082e+02 
4.674544e-01 	 4.217734e+02 	 4.217734e+02 	 4.217734e+02 
4.711336e-01 	 4.215420e+02 	 4.215420e+02 	 4.215420e+02 
4.748416e-01 	 4.213141e+02 	 4.213141e+02 	 4.213141e+02 
4.785789e-01 	 4.210897e+02 	 4.210897e+02 	 4.210897e+02 
4.823456e-01 	 4.208689e+02 	 4.208689e+02 	 4.208689e+02 
4.861419e-01 	 4.206517e+02 	 4.206517e+02 	 4.206517e+02 
4.899681e-01 	 4.204379e+02 	 4.204379e+02 	 4.204379e+02 
4.938244e-01 	 4.202274e+02 	 4.202274e+02 	 4.202274e+02 
4.977111e-01 	 4.200201e+02 	 4.200201e+02 	 4.200201e+02 
5.016283e-01 	 4.198160e+02 	 4.198160e+02 	 4.198160e+02 
5.055764e-01 	 4.196150e+02 	 4.196150e+02 	 4.196150e+02 
5.095556e-01 	 4.194171e+02 	 4.194171e+02 	 4.194171e+02 
5.135660e-01 	 4.192225e+02 	 4.192225e+02 	 4.192225e+02 
5.176081e-01 	 4.190311e+02 	 4.190311e+02 	 4.190311e+02 
5.216819e-01 	 4.188427e+02 	 4.188427e+02 	 4.188427e+02 
5.257878e-01 	 4.186571e+02 	 4.186571e+02 	 4.186571e+02 
5.299261e-01 	 4.184743e+02 	 4.184743e+02 	 4.184743e+02 
5.340969e-01 	 4.182946e+02 	 4.182946e+02 	 4.182946e+02 
5.383005e-01 	 4.181178e+02 	 4.181178e+02 	 4.181178e+02 
5.425372e-01 	 4.179440e+02 	 4.179440e+02 	 4.179440e+02 
5.468073e-01 	 4.177729e+02 	 4.177729e+02 	 4.177729e+02 
5.511109e-01 	 4.176045e+02 	 4.176045e+02 	 4.176045e+02 
5.554485e-01 	 4.174386e+02 	 4.174386e+02 	 4.174386e+02 
5.598202e-01 	 4.172754e+02 	 4.172754e+02 	 4.172754e+02 
5.642262e-01 	 4.171150e+02 	 4.171150e+02 	 4.171150e+02 
5.686670e-01 	 4.169573e+02 	 4.169573e+02 	 4.169573e+02 
5.731427e-01 	 4.168022e+02 	 4.168022e+02 	 4.168022e+02 
5.776537e-01 	 4.166496e+02 	 4.166496e+02 	 4.166496e+02 
5.822001e-01 	 4.164994e+02 	 4.164994e+02 	 4.164994e+02 
5.867823e-01 	 4.163517e+02 	 4.163517e+02 	 4.163517e+02 
5.914006e-01 	 4.162065e+02 	 4.162065e+02 	 4.162065e+02 
5.960553e-01 	 4.160637e+02 	 4.160637e+02 	 4.160637e+02 
6.007465e-01 	 4.159231e+02 	 4.159231e+02 	 4.159231e+02 
6.054747e-01 	 4.157848e+02 	 4.157848e+02 	 4.157848e+02 
6.102402e-01 	 4.156488e+02 	 4.156488e+02 	 4.156488e+02 
6.150431e-01 	 4.155150e+02 	 4.155150e+02 	 4.155150e+02 
6.198838e-01 	 4.153834e+02 	 4.153834e+02 	 4.153834e+02 
6.247626e-01 	 4.152541e+02 	 4.152541e+02 	 4.152541e+02 
6.296798e-01 	 4.151269e+02 	 4.151269e+02 	 4.151269e+02 
6.346357e-01 	 4.150019e+02 	 4.150019e+02 	 4.150019e+02 
6.396307e-01 	 4.148789e+02 	 4.148789e+02 	 4.148789e+02 
6.446649e-01 	 4.147578e+02 	 4.147578e+02 	 4.147578e+02 
6.497388e-01 	 4.146387e+02 	 4.146387e+02 	 4.146387e+02 
6.548526e-01 	 4.145215e+02 	 4.145215e+02 	 4.145215e+02 
6.600066e-01 	 4.144063e+02 	 4.144063e+02 	 4.144063e+02 
6.652012e-01 	 4.142931e+02 	 4.142931e+02 	 4.142931e+02 
6.704367e-01 	 4.141817e+02 	 4.141817e+02 	 4.141817e+02 
6.757134e-01 	 4.140722e+02 	 4.140722e+02 	 4.140722e+02 
6.810316e-01 	 4.139644e+02 	 4.139644e+02 	 4.139644e+02 
6.863917e-01 	 4.138585e+02 	 4.138585e+02 	 4.138585e+02 
6.917940e-01 	 4.137542e+02 	 4.137542e+02 	 4.137542e+02 
6.972388e-01 	 4.136518e+02 	 4.136518e+02 	 4.136518e+02 
7.027264e-01 	 4.135510e+02 	 4.135510e+02 	 4.135510e+02 
7.082572e-01 	 4.134519e+02 	 4.134519e+02 	 4.134519e+02 
7.138316e-01 	 4.133545e+02 	 4.133545e+02 	 4.133545e+02 
7.194498e-01 	 4.132587e+02 	 4.132587e+02 	 4.132587e+02 
7.251123e-01 	 4.131645e+02 	 4.131645e+02 	 4.131645e+02 
7.308193e-01 	 4.130719e+02 	 4.130719e+02 	 4.130719e+02 
7.365713e-01 	 4.129808e+02 	 4.129808e+02 	 4.129808e+02 
7.423685e-01 	 4.128913e+02 	 4.128913e+02 	 4.128913e+02 
7.482113e-01 	 4.128032e+02 	 4.128032e+02 	 4.128032e+02 
7.541001e-01 	 4.127167e+02 	 4.127167e+02 	 4.127167e+02 
7.600353e-01 	 4.126316e+02 	 4.126316e+02 	 4.126316e+02 
7.660172e-01 	 4.125480e+02 	 4.125480e+02 	 4.125480e+02 
7.720462e-01 	 4.124658e+02 	 4.124658e+02 	 4.124658e+02 
7.781226e-01 	 4.123851e+02 	 4.123851e+02 	 4.123851e+02 
7.842468e-01 	 4.123056e+02 	 4.123056e+02 	 4.123056e+02 
7.904193e-01 	 4.122276e+02 	 4.122276e+02 	 4.122276e+02 
7.966403e-01 	 4.121508e+02 	 4.121508e+02 	 4.121508e+02 
8.029103e-01 	 4.120754e+02 	 4.120754e+02 	 4.120754e+02 
8.092296e-01 	 4.120014e+02 	 4.120014e+02 	 4.120014e+02 
8.155987e-01 	 4.119286e+02 	 4.119286e+02 	 4.119286e+02 
8.220179e-01 	 4.118570e+02 	 4.118570e+02 	 4.118570e+02 
8.284876e-01 	 4.117867e+02 	 4.117867e+02 	 4.117867e+02 
8.350082e-01 	 4.117176e+02 	 4.117176e+02 	 4.117176e+02 
8.415802e-01 	 4.116497e+02 	 4.116497e+02 	 4.116497e+02 
8.482039e-01 	 4.115830e+02 	 4.115830e+02 	 4.115830e+02 
8.548797e-01 	 4.115174e+02 	 4.115174e+02 	 4.115174e+02 
8.616081e-01 	 4.114530e+02 	 4.114530e+02 	 4.114530e+02 
8.683894e-01 	 4.113898e+02 	 4.113898e+02 	 4.113898e+02 
8.752241e-01 	 4.113276e+02 	 4.113276e+02 	 4.113276e+02 
8.821126e-01 	 4.112666e+02 	 4.112666e+02 	 4.112666e+02 
8.890553e-01 	 4.112066e+02 	 4.112066e+02 	 4.112066e+02 
8.960526e-01 	 4.111476e+02 	 4.111476e+02 	 4.111476e+02 
9.031050e-01 	 4.110897e+02 	 4.110897e+02 	 4.110897e+02 
9.102129e-01 	 4.110329e+02 	 4.110329e+02 	 4.110329e+02 
9.173768e-01 	 4.109770e+02 	 4.109770e+02 	 4.109770e+02 
9.245971e-01 	 4.109222e+02 	 4.109222e+02 	 4.109222e+02 
9.318741e-01 	 4.108683e+02 	 4.108683e+02 	 4.108683e+02 
9.392085e-01 	 4.108153e+02 	 4.108153e+02 	 4.108153e+02 
9.466006e-01 	 4.107633e+02 	 4.107633e+02 	 4.107633e+02 
9.540508e-01 	 4.107123e+02 	 4.107123e+02 	 4.107123e+02 
9.615597e-01 	 4.106621e+02 	 4.106621e+02 	 4.106621e+02 
9.691277e-01 	 4.106129e+02 	 4.106129e+02 	 4.106129e+02 
9.767552e-01 	 4.105646e+02 	 4.105646e+02 	 4.105646e+02 
9.844428e-01 	 4.105171e+02 	 4.105171e+02 	 4.105171e+02 
9.921909e-01 	 4.104704e+02 	 4.104704e+02 	 4.104704e+02 
1.000000e+00 	 4.104247e+02 	 4.104247e+02 	 4.104247e+02 
