2.000000e-02 	 5.109641e+02 	 5.109641e+02 	 5.109641e+02 
2.015741e-02 	 5.101381e+02 	 5.101381e+02 	 5.101381e+02 
2.031606e-02 	 5.092800e+02 	 5.092800e+02 	 5.092800e+02 
2.047596e-02 	 5.083849e+02 	 5.083849e+02 	 5.083849e+02 
2.063712e-02 	 5.074507e+02 	 5.074507e+02 	 5.074507e+02 
2.079954e-02 	 5.064802e+02 	 5.064802e+02 	 5.064802e+02 
2.096324e-02 	 5.054760e+02 	 5.054760e+02 	 5.054760e+02 
2.112824e-02 	 5.044398e+02 	 5.044398e+02 	 5.044398e+02 
2.129453e-02 	 5.033720e+02 	 5.033720e+02 	 5.033720e+02 
2.146213e-02 	 5.022725e+02 	 5.022725e+02 	 5.022725e+02 
2.163104e-02 	 5.011409e+02 	 5.011409e+02 	 5.011409e+02 
2.180129e-02 	 4.999760e+02 	 4.999760e+02 	 4.999760e+02 
2.197288e-02 	 4.987764e+02 	 4.987764e+02 	 4.987764e+02 
2.214582e-02 	 4.975405e+02 	 4.975405e+02 	 4.975405e+02 
2.232012e-02 	 4.962661e+02 	 4.962661e+02 	 4.962661e+02 
2.249579e-02 	 4.949515e+02 	 4.949515e+02 	 4.949515e+02 
2.267284e-02 	 4.935993e+02 	 4.935993e+02 	 4.935993e+02 
2.285129e-02 	 4.922166e+02 	 4.922166e+02 	 4.922166e+02 
2.303114e-02 	 4.908103e+02 	 4.908103e+02 	 4.908103e+02 
2.321241e-02 	 4.893802e+02 	 4.893802e+02 	 4.893802e+02 
2.339510e-02 	 4.879185e+02 	 4.879185e+02 	 4.879185e+02 
2.357924e-02 	 4.864178e+02 	 4.864178e+02 	 4.864178e+02 
2.376482e-02 	 4.848759e+02 	 4.848759e+02 	 4.848759e+02 
2.395186e-02 	 4.832962e+02 	 4.832962e+02 	 4.832962e+02 
2.414037e-02 	 4.816822e+02 	 4.816822e+02 	 4.816822e+02 
2.433037e-02 	 4.800375e+02 	 4.800375e+02 	 4.800375e+02 
2.452186e-02 	 4.783654e+02 	 4.783654e+02 	 4.783654e+02 
2.471486e-02 	 4.766695e+02 	 4.766695e+02 	 4.766695e+02 
2.490938e-02 	 4.749488e+02 	 4.749488e+02 	 4.749488e+02 
2.510543e-02 	 4.731994e+02 	 4.731994e+02 	 4.731994e+02 
2.530303e-02 	 4.714172e+02 	 4.714172e+02 	 4.714172e+02 
2.550218e-02 	 4.696017e+02 	 4.696017e+02 	 4.696017e+02 
2.570289e-02 	 4.677548e+02 	 4.677548e+02 	 4.677548e+02 
2.590519e-02 	 4.658784e+02 	 4.658784e+02 	 4.658784e+02 
2.610907e-02 	 4.639736e+02 	 4.639736e+02 	 4.639736e+02 
2.631457e-02 	 4.620407e+02 	 4.620407e+02 	 4.620407e+02 
2.652168e-02 	 4.600804e+02 	 4.600804e+02 	 4.600804e+02 
2.673042e-02 	 4.580941e+02 	 4.580941e+02 	 4.580941e+02 
2.694080e-02 	 4.560838e+02 	 4.560838e+02 	 4.560838e+02 
2.715284e-02 	 4.540515e+02 	 4.540515e+02 	 4.540515e+02 
2.736655e-02 	 4.519958e+02 	 4.519958e+02 	 4.519958e+02 
2.758193e-02 	 4.499135e+02 	 4.499135e+02 	 4.499135e+02 
2.779902e-02 	 4.478018e+02 	 4.478018e+02 	 4.478018e+02 
2.801781e-02 	 4.456627e+02 	 4.456627e+02 	 4.456627e+02 
2.823833e-02 	 4.435011e+02 	 4.435011e+02 	 4.435011e+02 
2.846058e-02 	 4.413213e+02 	 4.413213e+02 	 4.413213e+02 
2.868458e-02 	 4.391246e+02 	 4.391246e+02 	 4.391246e+02 
2.891034e-02 	 4.369102e+02 	 4.369102e+02 	 4.369102e+02 
2.913788e-02 	 4.346773e+02 	 4.346773e+02 	 4.346773e+02 
2.936721e-02 	 4.324245e+02 	 4.324245e+02 	 4.324245e+02 
2.959835e-02 	 4.301502e+02 	 4.301502e+02 	 4.301502e+02 
2.983130e-02 	 4.278532e+02 	 4.278532e+02 	 4.278532e+02 
3.006609e-02 	 4.255364e+02 	 4.255364e+02 	 4.255364e+02 
3.030273e-02 	 4.232049e+02 	 4.232049e+02 	 4.232049e+02 
3.054123e-02 	 4.208631e+02 	 4.208631e+02 	 4.208631e+02 
3.078160e-02 	 4.185123e+02 	 4.185123e+02 	 4.185123e+02 
3.102387e-02 	 4.161518e+02 	 4.161518e+02 	 4.161518e+02 
3.126804e-02 	 4.137813e+02 	 4.137813e+02 	 4.137813e+02 
3.151414e-02 	 4.114005e+02 	 4.114005e+02 	 4.114005e+02 
3.176217e-02 	 4.090096e+02 	 4.090096e+02 	 4.090096e+02 
3.201216e-02 	 4.066086e+02 	 4.066086e+02 	 4.066086e+02 
3.226411e-02 	 4.041984e+02 	 4.041984e+02 	 4.041984e+02 
3.251805e-02 	 4.017806e+02 	 4.017806e+02 	 4.017806e+02 
3.277398e-02 	 3.993564e+02 	 3.993564e+02 	 3.993564e+02 
3.303193e-02 	 3.969272e+02 	 3.969272e+02 	 3.969272e+02 
3.329191e-02 	 3.944940e+02 	 3.944940e+02 	 3.944940e+02 
3.355394e-02 	 3.920580e+02 	 3.920580e+02 	 3.920580e+02 
3.381802e-02 	 3.896191e+02 	 3.896191e+02 	 3.896191e+02 
3.408419e-02 	 3.871771e+02 	 3.871771e+02 	 3.871771e+02 
3.435245e-02 	 3.847323e+02 	 3.847323e+02 	 3.847323e+02 
3.462282e-02 	 3.822865e+02 	 3.822865e+02 	 3.822865e+02 
3.489532e-02 	 3.798423e+02 	 3.798423e+02 	 3.798423e+02 
3.516997e-02 	 3.774017e+02 	 3.774017e+02 	 3.774017e+02 
3.544677e-02 	 3.749653e+02 	 3.749653e+02 	 3.749653e+02 
3.572576e-02 	 3.725328e+02 	 3.725328e+02 	 3.725328e+02 
3.600694e-02 	 3.701044e+02 	 3.701044e+02 	 3.701044e+02 
3.629033e-02 	 3.676813e+02 	 3.676813e+02 	 3.676813e+02 
3.657596e-02 	 3.652651e+02 	 3.652651e+02 	 3.652651e+02 
3.686383e-02 	 3.628573e+02 	 3.628573e+02 	 3.628573e+02 
3.715397e-02 	 3.604594e+02 	 3.604594e+02 	 3.604594e+02 
3.744639e-02 	 3.580729e+02 	 3.580729e+02 	 3.580729e+02 
3.774111e-02 	 3.556991e+02 	 3.556991e+02 	 3.556991e+02 
3.803816e-02 	 3.533392e+02 	 3.533392e+02 	 3.533392e+02 
3.833754e-02 	 3.509940e+02 	 3.509940e+02 	 3.509940e+02 
3.863927e-02 	 3.486645e+02 	 3.486645e+02 	 3.486645e+02 
3.894339e-02 	 3.463513e+02 	 3.463513e+02 	 3.463513e+02 
3.924989e-02 	 3.440550e+02 	 3.440550e+02 	 3.440550e+02 
3.955881e-02 	 3.417762e+02 	 3.417762e+02 	 3.417762e+02 
3.987016e-02 	 3.395158e+02 	 3.395158e+02 	 3.395158e+02 
4.018396e-02 	 3.372743e+02 	 3.372743e+02 	 3.372743e+02 
4.050023e-02 	 3.350525e+02 	 3.350525e+02 	 3.350525e+02 
4.081898e-02 	 3.328514e+02 	 3.328514e+02 	 3.328514e+02 
4.114025e-02 	 3.306719e+02 	 3.306719e+02 	 3.306719e+02 
4.146405e-02 	 3.285149e+02 	 3.285149e+02 	 3.285149e+02 
4.179039e-02 	 3.263815e+02 	 3.263815e+02 	 3.263815e+02 
4.211931e-02 	 3.242725e+02 	 3.242725e+02 	 3.242725e+02 
4.245081e-02 	 3.221888e+02 	 3.221888e+02 	 3.221888e+02 
4.278492e-02 	 3.201299e+02 	 3.201299e+02 	 3.201299e+02 
4.312166e-02 	 3.180953e+02 	 3.180953e+02 	 3.180953e+02 
4.346105e-02 	 3.160850e+02 	 3.160850e+02 	 3.160850e+02 
4.380311e-02 	 3.140998e+02 	 3.140998e+02 	 3.140998e+02 
4.414786e-02 	 3.121409e+02 	 3.121409e+02 	 3.121409e+02 
4.449533e-02 	 3.102088e+02 	 3.102088e+02 	 3.102088e+02 
4.484553e-02 	 3.083034e+02 	 3.083034e+02 	 3.083034e+02 
4.519849e-02 	 3.064245e+02 	 3.064245e+02 	 3.064245e+02 
4.555423e-02 	 3.045723e+02 	 3.045723e+02 	 3.045723e+02 
4.591276e-02 	 3.027475e+02 	 3.027475e+02 	 3.027475e+02 
4.627412e-02 	 3.009512e+02 	 3.009512e+02 	 3.009512e+02 
4.663832e-02 	 2.991837e+02 	 2.991837e+02 	 2.991837e+02 
4.700539e-02 	 2.974443e+02 	 2.974443e+02 	 2.974443e+02 
4.737535e-02 	 2.957321e+02 	 2.957321e+02 	 2.957321e+02 
4.774822e-02 	 2.940469e+02 	 2.940469e+02 	 2.940469e+02 
4.812402e-02 	 2.923895e+02 	 2.923895e+02 	 2.923895e+02 
4.850279e-02 	 2.907610e+02 	 2.907610e+02 	 2.907610e+02 
4.888453e-02 	 2.891619e+02 	 2.891619e+02 	 2.891619e+02 
4.926928e-02 	 2.875923e+02 	 2.875923e+02 	 2.875923e+02 
4.965705e-02 	 2.860519e+02 	 2.860519e+02 	 2.860519e+02 
5.004788e-02 	 2.845408e+02 	 2.845408e+02 	 2.845408e+02 
5.044178e-02 	 2.830591e+02 	 2.830591e+02 	 2.830591e+02 
5.083879e-02 	 2.816070e+02 	 2.816070e+02 	 2.816070e+02 
5.123892e-02 	 2.801843e+02 	 2.801843e+02 	 2.801843e+02 
5.164219e-02 	 2.787908e+02 	 2.787908e+02 	 2.787908e+02 
5.204865e-02 	 2.774260e+02 	 2.774260e+02 	 2.774260e+02 
5.245830e-02 	 2.760891e+02 	 2.760891e+02 	 2.760891e+02 
5.287117e-02 	 2.747784e+02 	 2.747784e+02 	 2.747784e+02 
5.328730e-02 	 2.734924e+02 	 2.734924e+02 	 2.734924e+02 
5.370670e-02 	 2.722292e+02 	 2.722292e+02 	 2.722292e+02 
5.412940e-02 	 2.709873e+02 	 2.709873e+02 	 2.709873e+02 
5.455542e-02 	 2.697648e+02 	 2.697648e+02 	 2.697648e+02 
5.498480e-02 	 2.685600e+02 	 2.685600e+02 	 2.685600e+02 
5.541756e-02 	 2.673714e+02 	 2.673714e+02 	 2.673714e+02 
5.585373e-02 	 2.661973e+02 	 2.661973e+02 	 2.661973e+02 
5.629333e-02 	 2.650361e+02 	 2.650361e+02 	 2.650361e+02 
5.673639e-02 	 2.638867e+02 	 2.638867e+02 	 2.638867e+02 
5.718293e-02 	 2.627479e+02 	 2.627479e+02 	 2.627479e+02 
5.763299e-02 	 2.616181e+02 	 2.616181e+02 	 2.616181e+02 
5.808660e-02 	 2.604956e+02 	 2.604956e+02 	 2.604956e+02 
5.854377e-02 	 2.593787e+02 	 2.593787e+02 	 2.593787e+02 
5.900454e-02 	 2.582661e+02 	 2.582661e+02 	 2.582661e+02 
5.946894e-02 	 2.571571e+02 	 2.571571e+02 	 2.571571e+02 
5.993699e-02 	 2.560508e+02 	 2.560508e+02 	 2.560508e+02 
6.040873e-02 	 2.549462e+02 	 2.549462e+02 	 2.549462e+02 
6.088418e-02 	 2.538417e+02 	 2.538417e+02 	 2.538417e+02 
6.136337e-02 	 2.527361e+02 	 2.527361e+02 	 2.527361e+02 
6.184633e-02 	 2.516280e+02 	 2.516280e+02 	 2.516280e+02 
6.233309e-02 	 2.505162e+02 	 2.505162e+02 	 2.505162e+02 
6.282369e-02 	 2.493993e+02 	 2.493993e+02 	 2.493993e+02 
6.331814e-02 	 2.482761e+02 	 2.482761e+02 	 2.482761e+02 
6.381649e-02 	 2.471451e+02 	 2.471451e+02 	 2.471451e+02 
6.431876e-02 	 2.460048e+02 	 2.460048e+02 	 2.460048e+02 
6.482498e-02 	 2.448534e+02 	 2.448534e+02 	 2.448534e+02 
6.533519e-02 	 2.436886e+02 	 2.436886e+02 	 2.436886e+02 
6.584941e-02 	 2.425084e+02 	 2.425084e+02 	 2.425084e+02 
6.636769e-02 	 2.413105e+02 	 2.413105e+02 	 2.413105e+02 
6.689003e-02 	 2.400931e+02 	 2.400931e+02 	 2.400931e+02 
6.741649e-02 	 2.388541e+02 	 2.388541e+02 	 2.388541e+02 
6.794710e-02 	 2.375917e+02 	 2.375917e+02 	 2.375917e+02 
6.848188e-02 	 2.363042e+02 	 2.363042e+02 	 2.363042e+02 
6.902087e-02 	 2.349897e+02 	 2.349897e+02 	 2.349897e+02 
6.956410e-02 	 2.336469e+02 	 2.336469e+02 	 2.336469e+02 
7.011161e-02 	 2.322746e+02 	 2.322746e+02 	 2.322746e+02 
7.066342e-02 	 2.308716e+02 	 2.308716e+02 	 2.308716e+02 
7.121958e-02 	 2.294369e+02 	 2.294369e+02 	 2.294369e+02 
7.178012e-02 	 2.279695e+02 	 2.279695e+02 	 2.279695e+02 
7.234507e-02 	 2.264686e+02 	 2.264686e+02 	 2.264686e+02 
7.291446e-02 	 2.249325e+02 	 2.249325e+02 	 2.249325e+02 
7.348834e-02 	 2.233593e+02 	 2.233593e+02 	 2.233593e+02 
7.406673e-02 	 2.217472e+02 	 2.217472e+02 	 2.217472e+02 
7.464967e-02 	 2.200960e+02 	 2.200960e+02 	 2.200960e+02 
7.523721e-02 	 2.184062e+02 	 2.184062e+02 	 2.184062e+02 
7.582936e-02 	 2.166783e+02 	 2.166783e+02 	 2.166783e+02 
7.642618e-02 	 2.149120e+02 	 2.149120e+02 	 2.149120e+02 
7.702770e-02 	 2.131065e+02 	 2.131065e+02 	 2.131065e+02 
7.763395e-02 	 2.112616e+02 	 2.112616e+02 	 2.112616e+02 
7.824497e-02 	 2.093811e+02 	 2.093811e+02 	 2.093811e+02 
7.886080e-02 	 2.074707e+02 	 2.074707e+02 	 2.074707e+02 
7.948147e-02 	 2.055360e+02 	 2.055360e+02 	 2.055360e+02 
8.010704e-02 	 2.035817e+02 	 2.035817e+02 	 2.035817e+02 
8.073752e-02 	 2.016119e+02 	 2.016119e+02 	 2.016119e+02 
8.137297e-02 	 1.996308e+02 	 1.996308e+02 	 1.996308e+02 
8.201342e-02 	 1.976424e+02 	 1.976424e+02 	 1.976424e+02 
8.265891e-02 	 1.956502e+02 	 1.956502e+02 	 1.956502e+02 
8.330948e-02 	 1.936584e+02 	 1.936584e+02 	 1.936584e+02 
8.396517e-02 	 1.916706e+02 	 1.916706e+02 	 1.916706e+02 
8.462602e-02 	 1.896908e+02 	 1.896908e+02 	 1.896908e+02 
8.529207e-02 	 1.877227e+02 	 1.877227e+02 	 1.877227e+02 
8.596336e-02 	 1.857694e+02 	 1.857694e+02 	 1.857694e+02 
8.663994e-02 	 1.838334e+02 	 1.838334e+02 	 1.838334e+02 
8.732184e-02 	 1.819175e+02 	 1.819175e+02 	 1.819175e+02 
8.800911e-02 	 1.800241e+02 	 1.800241e+02 	 1.800241e+02 
8.870179e-02 	 1.781555e+02 	 1.781555e+02 	 1.781555e+02 
8.939992e-02 	 1.763140e+02 	 1.763140e+02 	 1.763140e+02 
9.010355e-02 	 1.745017e+02 	 1.745017e+02 	 1.745017e+02 
9.081271e-02 	 1.727208e+02 	 1.727208e+02 	 1.727208e+02 
9.152746e-02 	 1.709735e+02 	 1.709735e+02 	 1.709735e+02 
9.224783e-02 	 1.692618e+02 	 1.692618e+02 	 1.692618e+02 
9.297387e-02 	 1.675877e+02 	 1.675877e+02 	 1.675877e+02 
9.370562e-02 	 1.659530e+02 	 1.659530e+02 	 1.659530e+02 
9.444314e-02 	 1.643576e+02 	 1.643576e+02 	 1.643576e+02 
9.518645e-02 	 1.628009e+02 	 1.628009e+02 	 1.628009e+02 
9.593562e-02 	 1.612827e+02 	 1.612827e+02 	 1.612827e+02 
9.669069e-02 	 1.598026e+02 	 1.598026e+02 	 1.598026e+02 
9.745169e-02 	 1.583603e+02 	 1.583603e+02 	 1.583603e+02 
9.821869e-02 	 1.569555e+02 	 1.569555e+02 	 1.569555e+02 
9.899173e-02 	 1.555875e+02 	 1.555875e+02 	 1.555875e+02 
9.977084e-02 	 1.542553e+02 	 1.542553e+02 	 1.542553e+02 
1.005561e-01 	 1.529582e+02 	 1.529582e+02 	 1.529582e+02 
1.013475e-01 	 1.516957e+02 	 1.516957e+02 	 1.516957e+02 
1.021452e-01 	 1.504673e+02 	 1.504673e+02 	 1.504673e+02 
1.029491e-01 	 1.492726e+02 	 1.492726e+02 	 1.492726e+02 
1.037594e-01 	 1.481105e+02 	 1.481105e+02 	 1.481105e+02 
1.045760e-01 	 1.469797e+02 	 1.469797e+02 	 1.469797e+02 
1.053991e-01 	 1.458796e+02 	 1.458796e+02 	 1.458796e+02 
1.062286e-01 	 1.448098e+02 	 1.448098e+02 	 1.448098e+02 
1.070647e-01 	 1.437705e+02 	 1.437705e+02 	 1.437705e+02 
1.079074e-01 	 1.427616e+02 	 1.427616e+02 	 1.427616e+02 
1.087567e-01 	 1.417830e+02 	 1.417830e+02 	 1.417830e+02 
1.096126e-01 	 1.408345e+02 	 1.408345e+02 	 1.408345e+02 
1.104754e-01 	 1.399156e+02 	 1.399156e+02 	 1.399156e+02 
1.113449e-01 	 1.390251e+02 	 1.390251e+02 	 1.390251e+02 
1.122212e-01 	 1.381615e+02 	 1.381615e+02 	 1.381615e+02 
1.131044e-01 	 1.373240e+02 	 1.373240e+02 	 1.373240e+02 
1.139946e-01 	 1.365126e+02 	 1.365126e+02 	 1.365126e+02 
1.148918e-01 	 1.357275e+02 	 1.357275e+02 	 1.357275e+02 
1.157961e-01 	 1.349679e+02 	 1.349679e+02 	 1.349679e+02 
1.167075e-01 	 1.342314e+02 	 1.342314e+02 	 1.342314e+02 
1.176260e-01 	 1.335149e+02 	 1.335149e+02 	 1.335149e+02 
1.185518e-01 	 1.328157e+02 	 1.328157e+02 	 1.328157e+02 
1.194849e-01 	 1.321308e+02 	 1.321308e+02 	 1.321308e+02 
1.204253e-01 	 1.314572e+02 	 1.314572e+02 	 1.314572e+02 
1.213731e-01 	 1.307919e+02 	 1.307919e+02 	 1.307919e+02 
1.223284e-01 	 1.301315e+02 	 1.301315e+02 	 1.301315e+02 
1.232911e-01 	 1.294724e+02 	 1.294724e+02 	 1.294724e+02 
1.242615e-01 	 1.288123e+02 	 1.288123e+02 	 1.288123e+02 
1.252395e-01 	 1.281503e+02 	 1.281503e+02 	 1.281503e+02 
1.262252e-01 	 1.274858e+02 	 1.274858e+02 	 1.274858e+02 
1.272187e-01 	 1.268170e+02 	 1.268170e+02 	 1.268170e+02 
1.282200e-01 	 1.261406e+02 	 1.261406e+02 	 1.261406e+02 
1.292291e-01 	 1.254529e+02 	 1.254529e+02 	 1.254529e+02 
1.302462e-01 	 1.247511e+02 	 1.247511e+02 	 1.247511e+02 
1.312713e-01 	 1.240347e+02 	 1.240347e+02 	 1.240347e+02 
1.323045e-01 	 1.233028e+02 	 1.233028e+02 	 1.233028e+02 
1.333458e-01 	 1.225541e+02 	 1.225541e+02 	 1.225541e+02 
1.343953e-01 	 1.217867e+02 	 1.217867e+02 	 1.217867e+02 
1.354531e-01 	 1.209983e+02 	 1.209983e+02 	 1.209983e+02 
1.365192e-01 	 1.201874e+02 	 1.201874e+02 	 1.201874e+02 
1.375936e-01 	 1.193529e+02 	 1.193529e+02 	 1.193529e+02 
1.386766e-01 	 1.184941e+02 	 1.184941e+02 	 1.184941e+02 
1.397680e-01 	 1.176103e+02 	 1.176103e+02 	 1.176103e+02 
1.408681e-01 	 1.167019e+02 	 1.167019e+02 	 1.167019e+02 
1.419768e-01 	 1.157691e+02 	 1.157691e+02 	 1.157691e+02 
1.430942e-01 	 1.148142e+02 	 1.148142e+02 	 1.148142e+02 
1.442205e-01 	 1.138418e+02 	 1.138418e+02 	 1.138418e+02 
1.453556e-01 	 1.128568e+02 	 1.128568e+02 	 1.128568e+02 
1.464996e-01 	 1.118633e+02 	 1.118633e+02 	 1.118633e+02 
1.476526e-01 	 1.108648e+02 	 1.108648e+02 	 1.108648e+02 
1.488147e-01 	 1.098646e+02 	 1.098646e+02 	 1.098646e+02 
1.499860e-01 	 1.088656e+02 	 1.088656e+02 	 1.088656e+02 
1.511664e-01 	 1.078701e+02 	 1.078701e+02 	 1.078701e+02 
1.523562e-01 	 1.068803e+02 	 1.068803e+02 	 1.068803e+02 
1.535553e-01 	 1.058987e+02 	 1.058987e+02 	 1.058987e+02 
1.547639e-01 	 1.049280e+02 	 1.049280e+02 	 1.049280e+02 
1.559820e-01 	 1.039709e+02 	 1.039709e+02 	 1.039709e+02 
1.572096e-01 	 1.030297e+02 	 1.030297e+02 	 1.030297e+02 
1.584469e-01 	 1.021063e+02 	 1.021063e+02 	 1.021063e+02 
1.596940e-01 	 1.012026e+02 	 1.012026e+02 	 1.012026e+02 
1.609509e-01 	 1.003200e+02 	 1.003200e+02 	 1.003200e+02 
1.622177e-01 	 9.945933e+01 	 9.945933e+01 	 9.945933e+01 
1.634944e-01 	 9.862166e+01 	 9.862166e+01 	 9.862166e+01 
1.647812e-01 	 9.780844e+01 	 9.780844e+01 	 9.780844e+01 
1.660781e-01 	 9.702159e+01 	 9.702159e+01 	 9.702159e+01 
1.673852e-01 	 9.626302e+01 	 9.626302e+01 	 9.626302e+01 
1.687026e-01 	 9.553354e+01 	 9.553354e+01 	 9.553354e+01 
1.700304e-01 	 9.483311e+01 	 9.483311e+01 	 9.483311e+01 
1.713686e-01 	 9.416164e+01 	 9.416164e+01 	 9.416164e+01 
1.727174e-01 	 9.351869e+01 	 9.351869e+01 	 9.351869e+01 
1.740768e-01 	 9.290356e+01 	 9.290356e+01 	 9.290356e+01 
1.754469e-01 	 9.231541e+01 	 9.231541e+01 	 9.231541e+01 
1.768277e-01 	 9.175242e+01 	 9.175242e+01 	 9.175242e+01 
1.782195e-01 	 9.121211e+01 	 9.121211e+01 	 9.121211e+01 
1.796221e-01 	 9.069191e+01 	 9.069191e+01 	 9.069191e+01 
1.810359e-01 	 9.018980e+01 	 9.018980e+01 	 9.018980e+01 
1.824607e-01 	 8.970406e+01 	 8.970406e+01 	 8.970406e+01 
1.838968e-01 	 8.923292e+01 	 8.923292e+01 	 8.923292e+01 
1.853441e-01 	 8.877484e+01 	 8.877484e+01 	 8.877484e+01 
1.868029e-01 	 8.832843e+01 	 8.832843e+01 	 8.832843e+01 
1.882731e-01 	 8.789221e+01 	 8.789221e+01 	 8.789221e+01 
1.897549e-01 	 8.746483e+01 	 8.746483e+01 	 8.746483e+01 
1.912484e-01 	 8.704496e+01 	 8.704496e+01 	 8.704496e+01 
1.927536e-01 	 8.663122e+01 	 8.663122e+01 	 8.663122e+01 
1.942707e-01 	 8.622248e+01 	 8.622248e+01 	 8.622248e+01 
1.957997e-01 	 8.581769e+01 	 8.581769e+01 	 8.581769e+01 
1.973408e-01 	 8.541575e+01 	 8.541575e+01 	 8.541575e+01 
1.988940e-01 	 8.501575e+01 	 8.501575e+01 	 8.501575e+01 
2.004594e-01 	 8.461678e+01 	 8.461678e+01 	 8.461678e+01 
2.020371e-01 	 8.421790e+01 	 8.421790e+01 	 8.421790e+01 
2.036272e-01 	 8.381795e+01 	 8.381795e+01 	 8.381795e+01 
2.052299e-01 	 8.341566e+01 	 8.341566e+01 	 8.341566e+01 
2.068452e-01 	 8.300981e+01 	 8.300981e+01 	 8.300981e+01 
2.084731e-01 	 8.260002e+01 	 8.260002e+01 	 8.260002e+01 
2.101139e-01 	 8.218618e+01 	 8.218618e+01 	 8.218618e+01 
2.117676e-01 	 8.176828e+01 	 8.176828e+01 	 8.176828e+01 
2.134344e-01 	 8.134662e+01 	 8.134662e+01 	 8.134662e+01 
2.151142e-01 	 8.092166e+01 	 8.092166e+01 	 8.092166e+01 
2.168073e-01 	 8.049394e+01 	 8.049394e+01 	 8.049394e+01 
2.185137e-01 	 8.006437e+01 	 8.006437e+01 	 8.006437e+01 
2.202335e-01 	 7.963399e+01 	 7.963399e+01 	 7.963399e+01 
2.219668e-01 	 7.920374e+01 	 7.920374e+01 	 7.920374e+01 
2.237138e-01 	 7.877384e+01 	 7.877384e+01 	 7.877384e+01 
2.254746e-01 	 7.834423e+01 	 7.834423e+01 	 7.834423e+01 
2.272492e-01 	 7.791499e+01 	 7.791499e+01 	 7.791499e+01 
2.290378e-01 	 7.748675e+01 	 7.748675e+01 	 7.748675e+01 
2.308404e-01 	 7.706032e+01 	 7.706032e+01 	 7.706032e+01 
2.326573e-01 	 7.663646e+01 	 7.663646e+01 	 7.663646e+01 
2.344884e-01 	 7.621558e+01 	 7.621558e+01 	 7.621558e+01 
2.363339e-01 	 7.579803e+01 	 7.579803e+01 	 7.579803e+01 
2.381940e-01 	 7.538412e+01 	 7.538412e+01 	 7.538412e+01 
2.400687e-01 	 7.497410e+01 	 7.497410e+01 	 7.497410e+01 
2.419582e-01 	 7.456816e+01 	 7.456816e+01 	 7.456816e+01 
2.438625e-01 	 7.416656e+01 	 7.416656e+01 	 7.416656e+01 
2.457819e-01 	 7.376967e+01 	 7.376967e+01 	 7.376967e+01 
2.477163e-01 	 7.337789e+01 	 7.337789e+01 	 7.337789e+01 
2.496660e-01 	 7.299157e+01 	 7.299157e+01 	 7.299157e+01 
2.516310e-01 	 7.261088e+01 	 7.261088e+01 	 7.261088e+01 
2.536114e-01 	 7.223594e+01 	 7.223594e+01 	 7.223594e+01 
2.556075e-01 	 7.186688e+01 	 7.186688e+01 	 7.186688e+01 
2.576193e-01 	 7.150379e+01 	 7.150379e+01 	 7.150379e+01 
2.596469e-01 	 7.114678e+01 	 7.114678e+01 	 7.114678e+01 
2.616904e-01 	 7.079587e+01 	 7.079587e+01 	 7.079587e+01 
2.637501e-01 	 7.045084e+01 	 7.045084e+01 	 7.045084e+01 
2.658259e-01 	 7.011139e+01 	 7.011139e+01 	 7.011139e+01 
2.679181e-01 	 6.977731e+01 	 6.977731e+01 	 6.977731e+01 
2.700268e-01 	 6.944858e+01 	 6.944858e+01 	 6.944858e+01 
2.721520e-01 	 6.912522e+01 	 6.912522e+01 	 6.912522e+01 
2.742940e-01 	 6.880721e+01 	 6.880721e+01 	 6.880721e+01 
2.764529e-01 	 6.849441e+01 	 6.849441e+01 	 6.849441e+01 
2.786287e-01 	 6.818665e+01 	 6.818665e+01 	 6.818665e+01 
2.808216e-01 	 6.788378e+01 	 6.788378e+01 	 6.788378e+01 
2.830319e-01 	 6.758568e+01 	 6.758568e+01 	 6.758568e+01 
2.852595e-01 	 6.729219e+01 	 6.729219e+01 	 6.729219e+01 
2.875046e-01 	 6.700326e+01 	 6.700326e+01 	 6.700326e+01 
2.897674e-01 	 6.671900e+01 	 6.671900e+01 	 6.671900e+01 
2.920481e-01 	 6.643953e+01 	 6.643953e+01 	 6.643953e+01 
2.943466e-01 	 6.616485e+01 	 6.616485e+01 	 6.616485e+01 
2.966633e-01 	 6.589466e+01 	 6.589466e+01 	 6.589466e+01 
2.989982e-01 	 6.562860e+01 	 6.562860e+01 	 6.562860e+01 
3.013515e-01 	 6.536644e+01 	 6.536644e+01 	 6.536644e+01 
3.037233e-01 	 6.510825e+01 	 6.510825e+01 	 6.510825e+01 
3.061137e-01 	 6.485409e+01 	 6.485409e+01 	 6.485409e+01 
3.085230e-01 	 6.460401e+01 	 6.460401e+01 	 6.460401e+01 
3.109513e-01 	 6.435791e+01 	 6.435791e+01 	 6.435791e+01 
3.133986e-01 	 6.411570e+01 	 6.411570e+01 	 6.411570e+01 
3.158652e-01 	 6.387727e+01 	 6.387727e+01 	 6.387727e+01 
3.183513e-01 	 6.364257e+01 	 6.364257e+01 	 6.364257e+01 
3.208569e-01 	 6.341153e+01 	 6.341153e+01 	 6.341153e+01 
3.233822e-01 	 6.318408e+01 	 6.318408e+01 	 6.318408e+01 
3.259274e-01 	 6.296010e+01 	 6.296010e+01 	 6.296010e+01 
3.284926e-01 	 6.273951e+01 	 6.273951e+01 	 6.273951e+01 
3.310780e-01 	 6.252220e+01 	 6.252220e+01 	 6.252220e+01 
3.336838e-01 	 6.230812e+01 	 6.230812e+01 	 6.230812e+01 
3.363100e-01 	 6.209719e+01 	 6.209719e+01 	 6.209719e+01 
3.389570e-01 	 6.188937e+01 	 6.188937e+01 	 6.188937e+01 
3.416247e-01 	 6.168467e+01 	 6.168467e+01 	 6.168467e+01 
3.443135e-01 	 6.148307e+01 	 6.148307e+01 	 6.148307e+01 
3.470234e-01 	 6.128454e+01 	 6.128454e+01 	 6.128454e+01 
3.497547e-01 	 6.108894e+01 	 6.108894e+01 	 6.108894e+01 
3.525075e-01 	 6.089615e+01 	 6.089615e+01 	 6.089615e+01 
3.552819e-01 	 6.070607e+01 	 6.070607e+01 	 6.070607e+01 
3.580781e-01 	 6.051868e+01 	 6.051868e+01 	 6.051868e+01 
3.608964e-01 	 6.033395e+01 	 6.033395e+01 	 6.033395e+01 
3.637369e-01 	 6.015184e+01 	 6.015184e+01 	 6.015184e+01 
3.665997e-01 	 5.997233e+01 	 5.997233e+01 	 5.997233e+01 
3.694850e-01 	 5.979541e+01 	 5.979541e+01 	 5.979541e+01 
3.723930e-01 	 5.962104e+01 	 5.962104e+01 	 5.962104e+01 
3.753240e-01 	 5.944918e+01 	 5.944918e+01 	 5.944918e+01 
3.782780e-01 	 5.927978e+01 	 5.927978e+01 	 5.927978e+01 
3.812552e-01 	 5.911278e+01 	 5.911278e+01 	 5.911278e+01 
3.842559e-01 	 5.894810e+01 	 5.894810e+01 	 5.894810e+01 
3.872802e-01 	 5.878566e+01 	 5.878566e+01 	 5.878566e+01 
3.903283e-01 	 5.862544e+01 	 5.862544e+01 	 5.862544e+01 
3.934004e-01 	 5.846749e+01 	 5.846749e+01 	 5.846749e+01 
3.964967e-01 	 5.831185e+01 	 5.831185e+01 	 5.831185e+01 
3.996173e-01 	 5.815849e+01 	 5.815849e+01 	 5.815849e+01 
4.027625e-01 	 5.800732e+01 	 5.800732e+01 	 5.800732e+01 
4.059325e-01 	 5.785825e+01 	 5.785825e+01 	 5.785825e+01 
4.091274e-01 	 5.771126e+01 	 5.771126e+01 	 5.771126e+01 
4.123474e-01 	 5.756636e+01 	 5.756636e+01 	 5.756636e+01 
4.155928e-01 	 5.742360e+01 	 5.742360e+01 	 5.742360e+01 
4.188638e-01 	 5.728295e+01 	 5.728295e+01 	 5.728295e+01 
4.221605e-01 	 5.714435e+01 	 5.714435e+01 	 5.714435e+01 
4.254831e-01 	 5.700772e+01 	 5.700772e+01 	 5.700772e+01 
4.288319e-01 	 5.687308e+01 	 5.687308e+01 	 5.687308e+01 
4.322070e-01 	 5.674045e+01 	 5.674045e+01 	 5.674045e+01 
4.356087e-01 	 5.660987e+01 	 5.660987e+01 	 5.660987e+01 
4.390372e-01 	 5.648129e+01 	 5.648129e+01 	 5.648129e+01 
4.424926e-01 	 5.635459e+01 	 5.635459e+01 	 5.635459e+01 
4.459753e-01 	 5.622966e+01 	 5.622966e+01 	 5.622966e+01 
4.494854e-01 	 5.610650e+01 	 5.610650e+01 	 5.610650e+01 
4.530231e-01 	 5.598521e+01 	 5.598521e+01 	 5.598521e+01 
4.565886e-01 	 5.586588e+01 	 5.586588e+01 	 5.586588e+01 
4.601822e-01 	 5.574847e+01 	 5.574847e+01 	 5.574847e+01 
4.638041e-01 	 5.563283e+01 	 5.563283e+01 	 5.563283e+01 
4.674544e-01 	 5.551884e+01 	 5.551884e+01 	 5.551884e+01 
4.711336e-01 	 5.540647e+01 	 5.540647e+01 	 5.540647e+01 
4.748416e-01 	 5.529579e+01 	 5.529579e+01 	 5.529579e+01 
4.785789e-01 	 5.518685e+01 	 5.518685e+01 	 5.518685e+01 
4.823456e-01 	 5.507965e+01 	 5.507965e+01 	 5.507965e+01 
4.861419e-01 	 5.497416e+01 	 5.497416e+01 	 5.497416e+01 
4.899681e-01 	 5.487034e+01 	 5.487034e+01 	 5.487034e+01 
4.938244e-01 	 5.476813e+01 	 5.476813e+01 	 5.476813e+01 
4.977111e-01 	 5.466749e+01 	 5.466749e+01 	 5.466749e+01 
5.016283e-01 	 5.456837e+01 	 5.456837e+01 	 5.456837e+01 
5.055764e-01 	 5.447076e+01 	 5.447076e+01 	 5.447076e+01 
5.095556e-01 	 5.437470e+01 	 5.437470e+01 	 5.437470e+01 
5.135660e-01 	 5.428021e+01 	 5.428021e+01 	 5.428021e+01 
5.176081e-01 	 5.418725e+01 	 5.418725e+01 	 5.418725e+01 
5.216819e-01 	 5.409575e+01 	 5.409575e+01 	 5.409575e+01 
5.257878e-01 	 5.400563e+01 	 5.400563e+01 	 5.400563e+01 
5.299261e-01 	 5.391690e+01 	 5.391690e+01 	 5.391690e+01 
5.340969e-01 	 5.382961e+01 	 5.382961e+01 	 5.382961e+01 
5.383005e-01 	 5.374379e+01 	 5.374379e+01 	 5.374379e+01 
5.425372e-01 	 5.365938e+01 	 5.365938e+01 	 5.365938e+01 
5.468073e-01 	 5.357631e+01 	 5.357631e+01 	 5.357631e+01 
5.511109e-01 	 5.349451e+01 	 5.349451e+01 	 5.349451e+01 
5.554485e-01 	 5.341397e+01 	 5.341397e+01 	 5.341397e+01 
5.598202e-01 	 5.333475e+01 	 5.333475e+01 	 5.333475e+01 
5.642262e-01 	 5.325685e+01 	 5.325685e+01 	 5.325685e+01 
5.686670e-01 	 5.318027e+01 	 5.318027e+01 	 5.318027e+01 
5.731427e-01 	 5.310494e+01 	 5.310494e+01 	 5.310494e+01 
5.776537e-01 	 5.303084e+01 	 5.303084e+01 	 5.303084e+01 
5.822001e-01 	 5.295793e+01 	 5.295793e+01 	 5.295793e+01 
5.867823e-01 	 5.288623e+01 	 5.288623e+01 	 5.288623e+01 
5.914006e-01 	 5.281570e+01 	 5.281570e+01 	 5.281570e+01 
5.960553e-01 	 5.274634e+01 	 5.274634e+01 	 5.274634e+01 
6.007465e-01 	 5.267809e+01 	 5.267809e+01 	 5.267809e+01 
6.054747e-01 	 5.261094e+01 	 5.261094e+01 	 5.261094e+01 
6.102402e-01 	 5.254488e+01 	 5.254488e+01 	 5.254488e+01 
6.150431e-01 	 5.247992e+01 	 5.247992e+01 	 5.247992e+01 
6.198838e-01 	 5.241604e+01 	 5.241604e+01 	 5.241604e+01 
6.247626e-01 	 5.235325e+01 	 5.235325e+01 	 5.235325e+01 
6.296798e-01 	 5.229150e+01 	 5.229150e+01 	 5.229150e+01 
6.346357e-01 	 5.223077e+01 	 5.223077e+01 	 5.223077e+01 
6.396307e-01 	 5.217103e+01 	 5.217103e+01 	 5.217103e+01 
6.446649e-01 	 5.211226e+01 	 5.211226e+01 	 5.211226e+01 
6.497388e-01 	 5.205443e+01 	 5.205443e+01 	 5.205443e+01 
6.548526e-01 	 5.199753e+01 	 5.199753e+01 	 5.199753e+01 
6.600066e-01 	 5.194159e+01 	 5.194159e+01 	 5.194159e+01 
6.652012e-01 	 5.188660e+01 	 5.188660e+01 	 5.188660e+01 
6.704367e-01 	 5.183252e+01 	 5.183252e+01 	 5.183252e+01 
6.757134e-01 	 5.177934e+01 	 5.177934e+01 	 5.177934e+01 
6.810316e-01 	 5.172702e+01 	 5.172702e+01 	 5.172702e+01 
6.863917e-01 	 5.167556e+01 	 5.167556e+01 	 5.167556e+01 
6.917940e-01 	 5.162495e+01 	 5.162495e+01 	 5.162495e+01 
6.972388e-01 	 5.157519e+01 	 5.157519e+01 	 5.157519e+01 
7.027264e-01 	 5.152626e+01 	 5.152626e+01 	 5.152626e+01 
7.082572e-01 	 5.147815e+01 	 5.147815e+01 	 5.147815e+01 
7.138316e-01 	 5.143084e+01 	 5.143084e+01 	 5.143084e+01 
7.194498e-01 	 5.138432e+01 	 5.138432e+01 	 5.138432e+01 
7.251123e-01 	 5.133858e+01 	 5.133858e+01 	 5.133858e+01 
7.308193e-01 	 5.129361e+01 	 5.129361e+01 	 5.129361e+01 
7.365713e-01 	 5.124939e+01 	 5.124939e+01 	 5.124939e+01 
7.423685e-01 	 5.120592e+01 	 5.120592e+01 	 5.120592e+01 
7.482113e-01 	 5.116317e+01 	 5.116317e+01 	 5.116317e+01 
7.541001e-01 	 5.112115e+01 	 5.112115e+01 	 5.112115e+01 
7.600353e-01 	 5.107984e+01 	 5.107984e+01 	 5.107984e+01 
7.660172e-01 	 5.103925e+01 	 5.103925e+01 	 5.103925e+01 
7.720462e-01 	 5.099934e+01 	 5.099934e+01 	 5.099934e+01 
7.781226e-01 	 5.096011e+01 	 5.096011e+01 	 5.096011e+01 
7.842468e-01 	 5.092154e+01 	 5.092154e+01 	 5.092154e+01 
7.904193e-01 	 5.088363e+01 	 5.088363e+01 	 5.088363e+01 
7.966403e-01 	 5.084638e+01 	 5.084638e+01 	 5.084638e+01 
8.029103e-01 	 5.080977e+01 	 5.080977e+01 	 5.080977e+01 
8.092296e-01 	 5.077380e+01 	 5.077380e+01 	 5.077380e+01 
8.155987e-01 	 5.073846e+01 	 5.073846e+01 	 5.073846e+01 
8.220179e-01 	 5.070372e+01 	 5.070372e+01 	 5.070372e+01 
8.284876e-01 	 5.066958e+01 	 5.066958e+01 	 5.066958e+01 
8.350082e-01 	 5.063603e+01 	 5.063603e+01 	 5.063603e+01 
8.415802e-01 	 5.060306e+01 	 5.060306e+01 	 5.060306e+01 
8.482039e-01 	 5.057065e+01 	 5.057065e+01 	 5.057065e+01 
8.548797e-01 	 5.053882e+01 	 5.053882e+01 	 5.053882e+01 
8.616081e-01 	 5.050755e+01 	 5.050755e+01 	 5.050755e+01 
8.683894e-01 	 5.047683e+01 	 5.047683e+01 	 5.047683e+01 
8.752241e-01 	 5.044665e+01 	 5.044665e+01 	 5.044665e+01 
8.821126e-01 	 5.041700e+01 	 5.041700e+01 	 5.041700e+01 
8.890553e-01 	 5.038787e+01 	 5.038787e+01 	 5.038787e+01 
8.960526e-01 	 5.035925e+01 	 5.035925e+01 	 5.035925e+01 
9.031050e-01 	 5.033114e+01 	 5.033114e+01 	 5.033114e+01 
9.102129e-01 	 5.030353e+01 	 5.030353e+01 	 5.030353e+01 
9.173768e-01 	 5.027641e+01 	 5.027641e+01 	 5.027641e+01 
9.245971e-01 	 5.024977e+01 	 5.024977e+01 	 5.024977e+01 
9.318741e-01 	 5.022360e+01 	 5.022360e+01 	 5.022360e+01 
9.392085e-01 	 5.019790e+01 	 5.019790e+01 	 5.019790e+01 
9.466006e-01 	 5.017266e+01 	 5.017266e+01 	 5.017266e+01 
9.540508e-01 	 5.014786e+01 	 5.014786e+01 	 5.014786e+01 
9.615597e-01 	 5.012351e+01 	 5.012351e+01 	 5.012351e+01 
9.691277e-01 	 5.009960e+01 	 5.009960e+01 	 5.009960e+01 
9.767552e-01 	 5.007613e+01 	 5.007613e+01 	 5.007613e+01 
9.844428e-01 	 5.005307e+01 	 5.005307e+01 	 5.005307e+01 
9.921909e-01 	 5.003043e+01 	 5.003043e+01 	 5.003043e+01 
1.000000e+00 	 5.000820e+01 	 5.000820e+01 	 5.000820e+01 
