2.000000e-02 	 9.769466e+02 	 9.769466e+02 	 9.769466e+02 
2.015741e-02 	 9.752455e+02 	 9.752455e+02 	 9.752455e+02 
2.031606e-02 	 9.734784e+02 	 9.734784e+02 	 9.734784e+02 
2.047596e-02 	 9.716348e+02 	 9.716348e+02 	 9.716348e+02 
2.063712e-02 	 9.697111e+02 	 9.697111e+02 	 9.697111e+02 
2.079954e-02 	 9.677123e+02 	 9.677123e+02 	 9.677123e+02 
2.096324e-02 	 9.656443e+02 	 9.656443e+02 	 9.656443e+02 
2.112824e-02 	 9.635104e+02 	 9.635104e+02 	 9.635104e+02 
2.129453e-02 	 9.613111e+02 	 9.613111e+02 	 9.613111e+02 
2.146213e-02 	 9.590469e+02 	 9.590469e+02 	 9.590469e+02 
2.163104e-02 	 9.567165e+02 	 9.567165e+02 	 9.567165e+02 
2.180129e-02 	 9.543175e+02 	 9.543175e+02 	 9.543175e+02 
2.197288e-02 	 9.518470e+02 	 9.518470e+02 	 9.518470e+02 
2.214582e-02 	 9.493016e+02 	 9.493016e+02 	 9.493016e+02 
2.232012e-02 	 9.466772e+02 	 9.466772e+02 	 9.466772e+02 
2.249579e-02 	 9.439699e+02 	 9.439699e+02 	 9.439699e+02 
2.267284e-02 	 9.411852e+02 	 9.411852e+02 	 9.411852e+02 
2.285129e-02 	 9.383374e+02 	 9.383374e+02 	 9.383374e+02 
2.303114e-02 	 9.354414e+02 	 9.354414e+02 	 9.354414e+02 
2.321241e-02 	 9.324961e+02 	 9.324961e+02 	 9.324961e+02 
2.339510e-02 	 9.294860e+02 	 9.294860e+02 	 9.294860e+02 
2.357924e-02 	 9.263952e+02 	 9.263952e+02 	 9.263952e+02 
2.376482e-02 	 9.232199e+02 	 9.232199e+02 	 9.232199e+02 
2.395186e-02 	 9.199667e+02 	 9.199667e+02 	 9.199667e+02 
2.414037e-02 	 9.166428e+02 	 9.166428e+02 	 9.166428e+02 
2.433037e-02 	 9.132555e+02 	 9.132555e+02 	 9.132555e+02 
2.452186e-02 	 9.098121e+02 	 9.098121e+02 	 9.098121e+02 
2.471486e-02 	 9.063194e+02 	 9.063194e+02 	 9.063194e+02 
2.490938e-02 	 9.027759e+02 	 9.027759e+02 	 9.027759e+02 
2.510543e-02 	 8.991731e+02 	 8.991731e+02 	 8.991731e+02 
2.530303e-02 	 8.955028e+02 	 8.955028e+02 	 8.955028e+02 
2.550218e-02 	 8.917639e+02 	 8.917639e+02 	 8.917639e+02 
2.570289e-02 	 8.879603e+02 	 8.879603e+02 	 8.879603e+02 
2.590519e-02 	 8.840960e+02 	 8.840960e+02 	 8.840960e+02 
2.610907e-02 	 8.801732e+02 	 8.801732e+02 	 8.801732e+02 
2.631457e-02 	 8.761926e+02 	 8.761926e+02 	 8.761926e+02 
2.652168e-02 	 8.721555e+02 	 8.721555e+02 	 8.721555e+02 
2.673042e-02 	 8.680648e+02 	 8.680648e+02 	 8.680648e+02 
2.694080e-02 	 8.639248e+02 	 8.639248e+02 	 8.639248e+02 
2.715284e-02 	 8.597394e+02 	 8.597394e+02 	 8.597394e+02 
2.736655e-02 	 8.555058e+02 	 8.555058e+02 	 8.555058e+02 
2.758193e-02 	 8.512174e+02 	 8.512174e+02 	 8.512174e+02 
2.779902e-02 	 8.468686e+02 	 8.468686e+02 	 8.468686e+02 
2.801781e-02 	 8.424634e+02 	 8.424634e+02 	 8.424634e+02 
2.823833e-02 	 8.380116e+02 	 8.380116e+02 	 8.380116e+02 
2.846058e-02 	 8.335226e+02 	 8.335226e+02 	 8.335226e+02 
2.868458e-02 	 8.289986e+02 	 8.289986e+02 	 8.289986e+02 
2.891034e-02 	 8.244382e+02 	 8.244382e+02 	 8.244382e+02 
2.913788e-02 	 8.198397e+02 	 8.198397e+02 	 8.198397e+02 
2.936721e-02 	 8.152004e+02 	 8.152004e+02 	 8.152004e+02 
2.959835e-02 	 8.105166e+02 	 8.105166e+02 	 8.105166e+02 
2.983130e-02 	 8.057860e+02 	 8.057860e+02 	 8.057860e+02 
3.006609e-02 	 8.010148e+02 	 8.010148e+02 	 8.010148e+02 
3.030273e-02 	 7.962131e+02 	 7.962131e+02 	 7.962131e+02 
3.054123e-02 	 7.913905e+02 	 7.913905e+02 	 7.913905e+02 
3.078160e-02 	 7.865491e+02 	 7.865491e+02 	 7.865491e+02 
3.102387e-02 	 7.816878e+02 	 7.816878e+02 	 7.816878e+02 
3.126804e-02 	 7.768059e+02 	 7.768059e+02 	 7.768059e+02 
3.151414e-02 	 7.719030e+02 	 7.719030e+02 	 7.719030e+02 
3.176217e-02 	 7.669791e+02 	 7.669791e+02 	 7.669791e+02 
3.201216e-02 	 7.620343e+02 	 7.620343e+02 	 7.620343e+02 
3.226411e-02 	 7.570708e+02 	 7.570708e+02 	 7.570708e+02 
3.251805e-02 	 7.520915e+02 	 7.520915e+02 	 7.520915e+02 
3.277398e-02 	 7.470991e+02 	 7.470991e+02 	 7.470991e+02 
3.303193e-02 	 7.420963e+02 	 7.420963e+02 	 7.420963e+02 
3.329191e-02 	 7.370853e+02 	 7.370853e+02 	 7.370853e+02 
3.355394e-02 	 7.320684e+02 	 7.320684e+02 	 7.320684e+02 
3.381802e-02 	 7.270457e+02 	 7.270457e+02 	 7.270457e+02 
3.408419e-02 	 7.220168e+02 	 7.220168e+02 	 7.220168e+02 
3.435245e-02 	 7.169818e+02 	 7.169818e+02 	 7.169818e+02 
3.462282e-02 	 7.119449e+02 	 7.119449e+02 	 7.119449e+02 
3.489532e-02 	 7.069112e+02 	 7.069112e+02 	 7.069112e+02 
3.516997e-02 	 7.018851e+02 	 7.018851e+02 	 7.018851e+02 
3.544677e-02 	 6.968674e+02 	 6.968674e+02 	 6.968674e+02 
3.572576e-02 	 6.918578e+02 	 6.918578e+02 	 6.918578e+02 
3.600694e-02 	 6.868567e+02 	 6.868567e+02 	 6.868567e+02 
3.629033e-02 	 6.818666e+02 	 6.818666e+02 	 6.818666e+02 
3.657596e-02 	 6.768906e+02 	 6.768906e+02 	 6.768906e+02 
3.686383e-02 	 6.719319e+02 	 6.719319e+02 	 6.719319e+02 
3.715397e-02 	 6.669936e+02 	 6.669936e+02 	 6.669936e+02 
3.744639e-02 	 6.620787e+02 	 6.620787e+02 	 6.620787e+02 
3.774111e-02 	 6.571902e+02 	 6.571902e+02 	 6.571902e+02 
3.803816e-02 	 6.523300e+02 	 6.523300e+02 	 6.523300e+02 
3.833754e-02 	 6.475003e+02 	 6.475003e+02 	 6.475003e+02 
3.863927e-02 	 6.427028e+02 	 6.427028e+02 	 6.427028e+02 
3.894339e-02 	 6.379390e+02 	 6.379390e+02 	 6.379390e+02 
3.924989e-02 	 6.332100e+02 	 6.332100e+02 	 6.332100e+02 
3.955881e-02 	 6.285171e+02 	 6.285171e+02 	 6.285171e+02 
3.987016e-02 	 6.238618e+02 	 6.238618e+02 	 6.238618e+02 
4.018396e-02 	 6.192456e+02 	 6.192456e+02 	 6.192456e+02 
4.050023e-02 	 6.146701e+02 	 6.146701e+02 	 6.146701e+02 
4.081898e-02 	 6.101371e+02 	 6.101371e+02 	 6.101371e+02 
4.114025e-02 	 6.056485e+02 	 6.056485e+02 	 6.056485e+02 
4.146405e-02 	 6.012064e+02 	 6.012064e+02 	 6.012064e+02 
4.179039e-02 	 5.968127e+02 	 5.968127e+02 	 5.968127e+02 
4.211931e-02 	 5.924696e+02 	 5.924696e+02 	 5.924696e+02 
4.245081e-02 	 5.881783e+02 	 5.881783e+02 	 5.881783e+02 
4.278492e-02 	 5.839381e+02 	 5.839381e+02 	 5.839381e+02 
4.312166e-02 	 5.797480e+02 	 5.797480e+02 	 5.797480e+02 
4.346105e-02 	 5.756079e+02 	 5.756079e+02 	 5.756079e+02 
4.380311e-02 	 5.715196e+02 	 5.715196e+02 	 5.715196e+02 
4.414786e-02 	 5.674853e+02 	 5.674853e+02 	 5.674853e+02 
4.449533e-02 	 5.635063e+02 	 5.635063e+02 	 5.635063e+02 
4.484553e-02 	 5.595824e+02 	 5.595824e+02 	 5.595824e+02 
4.519849e-02 	 5.557130e+02 	 5.557130e+02 	 5.557130e+02 
4.555423e-02 	 5.518984e+02 	 5.518984e+02 	 5.518984e+02 
4.591276e-02 	 5.481404e+02 	 5.481404e+02 	 5.481404e+02 
4.627412e-02 	 5.444410e+02 	 5.444410e+02 	 5.444410e+02 
4.663832e-02 	 5.408010e+02 	 5.408010e+02 	 5.408010e+02 
4.700539e-02 	 5.372189e+02 	 5.372189e+02 	 5.372189e+02 
4.737535e-02 	 5.336928e+02 	 5.336928e+02 	 5.336928e+02 
4.774822e-02 	 5.302222e+02 	 5.302222e+02 	 5.302222e+02 
4.812402e-02 	 5.268089e+02 	 5.268089e+02 	 5.268089e+02 
4.850279e-02 	 5.234551e+02 	 5.234551e+02 	 5.234551e+02 
4.888453e-02 	 5.201619e+02 	 5.201619e+02 	 5.201619e+02 
4.926928e-02 	 5.169293e+02 	 5.169293e+02 	 5.169293e+02 
4.965705e-02 	 5.137571e+02 	 5.137571e+02 	 5.137571e+02 
5.004788e-02 	 5.106451e+02 	 5.106451e+02 	 5.106451e+02 
5.044178e-02 	 5.075936e+02 	 5.075936e+02 	 5.075936e+02 
5.083879e-02 	 5.046030e+02 	 5.046030e+02 	 5.046030e+02 
5.123892e-02 	 5.016731e+02 	 5.016731e+02 	 5.016731e+02 
5.164219e-02 	 4.988033e+02 	 4.988033e+02 	 4.988033e+02 
5.204865e-02 	 4.959927e+02 	 4.959927e+02 	 4.959927e+02 
5.245830e-02 	 4.932394e+02 	 4.932394e+02 	 4.932394e+02 
5.287117e-02 	 4.905402e+02 	 4.905402e+02 	 4.905402e+02 
5.328730e-02 	 4.878917e+02 	 4.878917e+02 	 4.878917e+02 
5.370670e-02 	 4.852903e+02 	 4.852903e+02 	 4.852903e+02 
5.412940e-02 	 4.827326e+02 	 4.827326e+02 	 4.827326e+02 
5.455542e-02 	 4.802150e+02 	 4.802150e+02 	 4.802150e+02 
5.498480e-02 	 4.777339e+02 	 4.777339e+02 	 4.777339e+02 
5.541756e-02 	 4.752860e+02 	 4.752860e+02 	 4.752860e+02 
5.585373e-02 	 4.728680e+02 	 4.728680e+02 	 4.728680e+02 
5.629333e-02 	 4.704767e+02 	 4.704767e+02 	 4.704767e+02 
5.673639e-02 	 4.681096e+02 	 4.681096e+02 	 4.681096e+02 
5.718293e-02 	 4.657642e+02 	 4.657642e+02 	 4.657642e+02 
5.763299e-02 	 4.634374e+02 	 4.634374e+02 	 4.634374e+02 
5.808660e-02 	 4.611258e+02 	 4.611258e+02 	 4.611258e+02 
5.854377e-02 	 4.588256e+02 	 4.588256e+02 	 4.588256e+02 
5.900454e-02 	 4.565344e+02 	 4.565344e+02 	 4.565344e+02 
5.946894e-02 	 4.542505e+02 	 4.542505e+02 	 4.542505e+02 
5.993699e-02 	 4.519722e+02 	 4.519722e+02 	 4.519722e+02 
6.040873e-02 	 4.496972e+02 	 4.496972e+02 	 4.496972e+02 
6.088418e-02 	 4.474227e+02 	 4.474227e+02 	 4.474227e+02 
6.136337e-02 	 4.451458e+02 	 4.451458e+02 	 4.451458e+02 
6.184633e-02 	 4.428638e+02 	 4.428638e+02 	 4.428638e+02 
6.233309e-02 	 4.405740e+02 	 4.405740e+02 	 4.405740e+02 
6.282369e-02 	 4.382739e+02 	 4.382739e+02 	 4.382739e+02 
6.331814e-02 	 4.359607e+02 	 4.359607e+02 	 4.359607e+02 
6.381649e-02 	 4.336315e+02 	 4.336315e+02 	 4.336315e+02 
6.431876e-02 	 4.312831e+02 	 4.312831e+02 	 4.312831e+02 
6.482498e-02 	 4.289118e+02 	 4.289118e+02 	 4.289118e+02 
6.533519e-02 	 4.265132e+02 	 4.265132e+02 	 4.265132e+02 
6.584941e-02 	 4.240825e+02 	 4.240825e+02 	 4.240825e+02 
6.636769e-02 	 4.216156e+02 	 4.216156e+02 	 4.216156e+02 
6.689003e-02 	 4.191085e+02 	 4.191085e+02 	 4.191085e+02 
6.741649e-02 	 4.165569e+02 	 4.165569e+02 	 4.165569e+02 
6.794710e-02 	 4.139570e+02 	 4.139570e+02 	 4.139570e+02 
6.848188e-02 	 4.113054e+02 	 4.113054e+02 	 4.113054e+02 
6.902087e-02 	 4.085984e+02 	 4.085984e+02 	 4.085984e+02 
6.956410e-02 	 4.058330e+02 	 4.058330e+02 	 4.058330e+02 
7.011161e-02 	 4.030069e+02 	 4.030069e+02 	 4.030069e+02 
7.066342e-02 	 4.001175e+02 	 4.001175e+02 	 4.001175e+02 
7.121958e-02 	 3.971628e+02 	 3.971628e+02 	 3.971628e+02 
7.178012e-02 	 3.941408e+02 	 3.941408e+02 	 3.941408e+02 
7.234507e-02 	 3.910498e+02 	 3.910498e+02 	 3.910498e+02 
7.291446e-02 	 3.878864e+02 	 3.878864e+02 	 3.878864e+02 
7.348834e-02 	 3.846465e+02 	 3.846465e+02 	 3.846465e+02 
7.406673e-02 	 3.813265e+02 	 3.813265e+02 	 3.813265e+02 
7.464967e-02 	 3.779259e+02 	 3.779259e+02 	 3.779259e+02 
7.523721e-02 	 3.744459e+02 	 3.744459e+02 	 3.744459e+02 
7.582936e-02 	 3.708875e+02 	 3.708875e+02 	 3.708875e+02 
7.642618e-02 	 3.672499e+02 	 3.672499e+02 	 3.672499e+02 
7.702770e-02 	 3.635316e+02 	 3.635316e+02 	 3.635316e+02 
7.763395e-02 	 3.597322e+02 	 3.597322e+02 	 3.597322e+02 
7.824497e-02 	 3.558594e+02 	 3.558594e+02 	 3.558594e+02 
7.886080e-02 	 3.519250e+02 	 3.519250e+02 	 3.519250e+02 
7.948147e-02 	 3.479408e+02 	 3.479408e+02 	 3.479408e+02 
8.010704e-02 	 3.439161e+02 	 3.439161e+02 	 3.439161e+02 
8.073752e-02 	 3.398594e+02 	 3.398594e+02 	 3.398594e+02 
8.137297e-02 	 3.357795e+02 	 3.357795e+02 	 3.357795e+02 
8.201342e-02 	 3.316844e+02 	 3.316844e+02 	 3.316844e+02 
8.265891e-02 	 3.275817e+02 	 3.275817e+02 	 3.275817e+02 
8.330948e-02 	 3.234797e+02 	 3.234797e+02 	 3.234797e+02 
8.396517e-02 	 3.193861e+02 	 3.193861e+02 	 3.193861e+02 
8.462602e-02 	 3.153088e+02 	 3.153088e+02 	 3.153088e+02 
8.529207e-02 	 3.112557e+02 	 3.112557e+02 	 3.112557e+02 
8.596336e-02 	 3.072328e+02 	 3.072328e+02 	 3.072328e+02 
8.663994e-02 	 3.032458e+02 	 3.032458e+02 	 3.032458e+02 
8.732184e-02 	 2.993002e+02 	 2.993002e+02 	 2.993002e+02 
8.800911e-02 	 2.954010e+02 	 2.954010e+02 	 2.954010e+02 
8.870179e-02 	 2.915527e+02 	 2.915527e+02 	 2.915527e+02 
8.939992e-02 	 2.877603e+02 	 2.877603e+02 	 2.877603e+02 
9.010355e-02 	 2.840280e+02 	 2.840280e+02 	 2.840280e+02 
9.081271e-02 	 2.803604e+02 	 2.803604e+02 	 2.803604e+02 
9.152746e-02 	 2.767619e+02 	 2.767619e+02 	 2.767619e+02 
9.224783e-02 	 2.732368e+02 	 2.732368e+02 	 2.732368e+02 
9.297387e-02 	 2.697892e+02 	 2.697892e+02 	 2.697892e+02 
9.370562e-02 	 2.664226e+02 	 2.664226e+02 	 2.664226e+02 
9.444314e-02 	 2.631369e+02 	 2.631369e+02 	 2.631369e+02 
9.518645e-02 	 2.599311e+02 	 2.599311e+02 	 2.599311e+02 
9.593562e-02 	 2.568045e+02 	 2.568045e+02 	 2.568045e+02 
9.669069e-02 	 2.537563e+02 	 2.537563e+02 	 2.537563e+02 
9.745169e-02 	 2.507860e+02 	 2.507860e+02 	 2.507860e+02 
9.821869e-02 	 2.478930e+02 	 2.478930e+02 	 2.478930e+02 
9.899173e-02 	 2.450755e+02 	 2.450755e+02 	 2.450755e+02 
9.977084e-02 	 2.423320e+02 	 2.423320e+02 	 2.423320e+02 
1.005561e-01 	 2.396607e+02 	 2.396607e+02 	 2.396607e+02 
1.013475e-01 	 2.370606e+02 	 2.370606e+02 	 2.370606e+02 
1.021452e-01 	 2.345310e+02 	 2.345310e+02 	 2.345310e+02 
1.029491e-01 	 2.320706e+02 	 2.320706e+02 	 2.320706e+02 
1.037594e-01 	 2.296772e+02 	 2.296772e+02 	 2.296772e+02 
1.045760e-01 	 2.273486e+02 	 2.273486e+02 	 2.273486e+02 
1.053991e-01 	 2.250828e+02 	 2.250828e+02 	 2.250828e+02 
1.062286e-01 	 2.228798e+02 	 2.228798e+02 	 2.228798e+02 
1.070647e-01 	 2.207394e+02 	 2.207394e+02 	 2.207394e+02 
1.079074e-01 	 2.186617e+02 	 2.186617e+02 	 2.186617e+02 
1.087567e-01 	 2.166463e+02 	 2.166463e+02 	 2.166463e+02 
1.096126e-01 	 2.146929e+02 	 2.146929e+02 	 2.146929e+02 
1.104754e-01 	 2.128005e+02 	 2.128005e+02 	 2.128005e+02 
1.113449e-01 	 2.109666e+02 	 2.109666e+02 	 2.109666e+02 
1.122212e-01 	 2.091882e+02 	 2.091882e+02 	 2.091882e+02 
1.131044e-01 	 2.074634e+02 	 2.074634e+02 	 2.074634e+02 
1.139946e-01 	 2.057923e+02 	 2.057923e+02 	 2.057923e+02 
1.148918e-01 	 2.041754e+02 	 2.041754e+02 	 2.041754e+02 
1.157961e-01 	 2.026111e+02 	 2.026111e+02 	 2.026111e+02 
1.167075e-01 	 2.010943e+02 	 2.010943e+02 	 2.010943e+02 
1.176260e-01 	 1.996188e+02 	 1.996188e+02 	 1.996188e+02 
1.185518e-01 	 1.981788e+02 	 1.981788e+02 	 1.981788e+02 
1.194849e-01 	 1.967683e+02 	 1.967683e+02 	 1.967683e+02 
1.204253e-01 	 1.953812e+02 	 1.953812e+02 	 1.953812e+02 
1.213731e-01 	 1.940110e+02 	 1.940110e+02 	 1.940110e+02 
1.223284e-01 	 1.926509e+02 	 1.926509e+02 	 1.926509e+02 
1.232911e-01 	 1.912936e+02 	 1.912936e+02 	 1.912936e+02 
1.242615e-01 	 1.899341e+02 	 1.899341e+02 	 1.899341e+02 
1.252395e-01 	 1.885707e+02 	 1.885707e+02 	 1.885707e+02 
1.262252e-01 	 1.872022e+02 	 1.872022e+02 	 1.872022e+02 
1.272187e-01 	 1.858250e+02 	 1.858250e+02 	 1.858250e+02 
1.282200e-01 	 1.844320e+02 	 1.844320e+02 	 1.844320e+02 
1.292291e-01 	 1.830156e+02 	 1.830156e+02 	 1.830156e+02 
1.302462e-01 	 1.815705e+02 	 1.815705e+02 	 1.815705e+02 
1.312713e-01 	 1.800950e+02 	 1.800950e+02 	 1.800950e+02 
1.323045e-01 	 1.785876e+02 	 1.785876e+02 	 1.785876e+02 
1.333458e-01 	 1.770458e+02 	 1.770458e+02 	 1.770458e+02 
1.343953e-01 	 1.754654e+02 	 1.754654e+02 	 1.754654e+02 
1.354531e-01 	 1.738418e+02 	 1.738418e+02 	 1.738418e+02 
1.365192e-01 	 1.721718e+02 	 1.721718e+02 	 1.721718e+02 
1.375936e-01 	 1.704533e+02 	 1.704533e+02 	 1.704533e+02 
1.386766e-01 	 1.686845e+02 	 1.686845e+02 	 1.686845e+02 
1.397680e-01 	 1.668646e+02 	 1.668646e+02 	 1.668646e+02 
1.408681e-01 	 1.649938e+02 	 1.649938e+02 	 1.649938e+02 
1.419768e-01 	 1.630727e+02 	 1.630727e+02 	 1.630727e+02 
1.430942e-01 	 1.611061e+02 	 1.611061e+02 	 1.611061e+02 
1.442205e-01 	 1.591035e+02 	 1.591035e+02 	 1.591035e+02 
1.453556e-01 	 1.570749e+02 	 1.570749e+02 	 1.570749e+02 
1.464996e-01 	 1.550289e+02 	 1.550289e+02 	 1.550289e+02 
1.476526e-01 	 1.529725e+02 	 1.529725e+02 	 1.529725e+02 
1.488147e-01 	 1.509128e+02 	 1.509128e+02 	 1.509128e+02 
1.499860e-01 	 1.488555e+02 	 1.488555e+02 	 1.488555e+02 
1.511664e-01 	 1.468053e+02 	 1.468053e+02 	 1.468053e+02 
1.523562e-01 	 1.447668e+02 	 1.447668e+02 	 1.447668e+02 
1.535553e-01 	 1.427453e+02 	 1.427453e+02 	 1.427453e+02 
1.547639e-01 	 1.407462e+02 	 1.407462e+02 	 1.407462e+02 
1.559820e-01 	 1.387751e+02 	 1.387751e+02 	 1.387751e+02 
1.572096e-01 	 1.368368e+02 	 1.368368e+02 	 1.368368e+02 
1.584469e-01 	 1.349351e+02 	 1.349351e+02 	 1.349351e+02 
1.596940e-01 	 1.330740e+02 	 1.330740e+02 	 1.330740e+02 
1.609509e-01 	 1.312563e+02 	 1.312563e+02 	 1.312563e+02 
1.622177e-01 	 1.294839e+02 	 1.294839e+02 	 1.294839e+02 
1.634944e-01 	 1.277588e+02 	 1.277588e+02 	 1.277588e+02 
1.647812e-01 	 1.260840e+02 	 1.260840e+02 	 1.260840e+02 
1.660781e-01 	 1.244636e+02 	 1.244636e+02 	 1.244636e+02 
1.673852e-01 	 1.229014e+02 	 1.229014e+02 	 1.229014e+02 
1.687026e-01 	 1.213990e+02 	 1.213990e+02 	 1.213990e+02 
1.700304e-01 	 1.199566e+02 	 1.199566e+02 	 1.199566e+02 
1.713686e-01 	 1.185737e+02 	 1.185737e+02 	 1.185737e+02 
1.727174e-01 	 1.172496e+02 	 1.172496e+02 	 1.172496e+02 
1.740768e-01 	 1.159828e+02 	 1.159828e+02 	 1.159828e+02 
1.754469e-01 	 1.147716e+02 	 1.147716e+02 	 1.147716e+02 
1.768277e-01 	 1.136121e+02 	 1.136121e+02 	 1.136121e+02 
1.782195e-01 	 1.124994e+02 	 1.124994e+02 	 1.124994e+02 
1.796221e-01 	 1.114281e+02 	 1.114281e+02 	 1.114281e+02 
1.810359e-01 	 1.103940e+02 	 1.103940e+02 	 1.103940e+02 
1.824607e-01 	 1.093937e+02 	 1.093937e+02 	 1.093937e+02 
1.838968e-01 	 1.084234e+02 	 1.084234e+02 	 1.084234e+02 
1.853441e-01 	 1.074800e+02 	 1.074800e+02 	 1.074800e+02 
1.868029e-01 	 1.065607e+02 	 1.065607e+02 	 1.065607e+02 
1.882731e-01 	 1.056623e+02 	 1.056623e+02 	 1.056623e+02 
1.897549e-01 	 1.047822e+02 	 1.047822e+02 	 1.047822e+02 
1.912484e-01 	 1.039175e+02 	 1.039175e+02 	 1.039175e+02 
1.927536e-01 	 1.030654e+02 	 1.030654e+02 	 1.030654e+02 
1.942707e-01 	 1.022236e+02 	 1.022236e+02 	 1.022236e+02 
1.957997e-01 	 1.013900e+02 	 1.013900e+02 	 1.013900e+02 
1.973408e-01 	 1.005622e+02 	 1.005622e+02 	 1.005622e+02 
1.988940e-01 	 9.973846e+01 	 9.973846e+01 	 9.973846e+01 
2.004594e-01 	 9.891682e+01 	 9.891682e+01 	 9.891682e+01 
2.020371e-01 	 9.809536e+01 	 9.809536e+01 	 9.809536e+01 
2.036272e-01 	 9.727170e+01 	 9.727170e+01 	 9.727170e+01 
2.052299e-01 	 9.644320e+01 	 9.644320e+01 	 9.644320e+01 
2.068452e-01 	 9.560739e+01 	 9.560739e+01 	 9.560739e+01 
2.084731e-01 	 9.476345e+01 	 9.476345e+01 	 9.476345e+01 
2.101139e-01 	 9.391120e+01 	 9.391120e+01 	 9.391120e+01 
2.117676e-01 	 9.305055e+01 	 9.305055e+01 	 9.305055e+01 
2.134344e-01 	 9.218218e+01 	 9.218218e+01 	 9.218218e+01 
2.151142e-01 	 9.130701e+01 	 9.130701e+01 	 9.130701e+01 
2.168073e-01 	 9.042615e+01 	 9.042615e+01 	 9.042615e+01 
2.185137e-01 	 8.954147e+01 	 8.954147e+01 	 8.954147e+01 
2.202335e-01 	 8.865514e+01 	 8.865514e+01 	 8.865514e+01 
2.219668e-01 	 8.776909e+01 	 8.776909e+01 	 8.776909e+01 
2.237138e-01 	 8.688373e+01 	 8.688373e+01 	 8.688373e+01 
2.254746e-01 	 8.599898e+01 	 8.599898e+01 	 8.599898e+01 
2.272492e-01 	 8.511500e+01 	 8.511500e+01 	 8.511500e+01 
2.290378e-01 	 8.423307e+01 	 8.423307e+01 	 8.423307e+01 
2.308404e-01 	 8.335487e+01 	 8.335487e+01 	 8.335487e+01 
2.326573e-01 	 8.248196e+01 	 8.248196e+01 	 8.248196e+01 
2.344884e-01 	 8.161519e+01 	 8.161519e+01 	 8.161519e+01 
2.363339e-01 	 8.075527e+01 	 8.075527e+01 	 8.075527e+01 
2.381940e-01 	 7.990287e+01 	 7.990287e+01 	 7.990287e+01 
2.400687e-01 	 7.905845e+01 	 7.905845e+01 	 7.905845e+01 
2.419582e-01 	 7.822246e+01 	 7.822246e+01 	 7.822246e+01 
2.438625e-01 	 7.739540e+01 	 7.739540e+01 	 7.739540e+01 
2.457819e-01 	 7.657804e+01 	 7.657804e+01 	 7.657804e+01 
2.477163e-01 	 7.577119e+01 	 7.577119e+01 	 7.577119e+01 
2.496660e-01 	 7.497559e+01 	 7.497559e+01 	 7.497559e+01 
2.516310e-01 	 7.419159e+01 	 7.419159e+01 	 7.419159e+01 
2.536114e-01 	 7.341943e+01 	 7.341943e+01 	 7.341943e+01 
2.556075e-01 	 7.265937e+01 	 7.265937e+01 	 7.265937e+01 
2.576193e-01 	 7.191161e+01 	 7.191161e+01 	 7.191161e+01 
2.596469e-01 	 7.117638e+01 	 7.117638e+01 	 7.117638e+01 
2.616904e-01 	 7.045371e+01 	 7.045371e+01 	 7.045371e+01 
2.637501e-01 	 6.974314e+01 	 6.974314e+01 	 6.974314e+01 
2.658259e-01 	 6.904408e+01 	 6.904408e+01 	 6.904408e+01 
2.679181e-01 	 6.835607e+01 	 6.835607e+01 	 6.835607e+01 
2.700268e-01 	 6.767908e+01 	 6.767908e+01 	 6.767908e+01 
2.721520e-01 	 6.701314e+01 	 6.701314e+01 	 6.701314e+01 
2.742940e-01 	 6.635822e+01 	 6.635822e+01 	 6.635822e+01 
2.764529e-01 	 6.571402e+01 	 6.571402e+01 	 6.571402e+01 
2.786287e-01 	 6.508022e+01 	 6.508022e+01 	 6.508022e+01 
2.808216e-01 	 6.445649e+01 	 6.445649e+01 	 6.445649e+01 
2.830319e-01 	 6.384256e+01 	 6.384256e+01 	 6.384256e+01 
2.852595e-01 	 6.323815e+01 	 6.323815e+01 	 6.323815e+01 
2.875046e-01 	 6.264312e+01 	 6.264312e+01 	 6.264312e+01 
2.897674e-01 	 6.205770e+01 	 6.205770e+01 	 6.205770e+01 
2.920481e-01 	 6.148216e+01 	 6.148216e+01 	 6.148216e+01 
2.943466e-01 	 6.091647e+01 	 6.091647e+01 	 6.091647e+01 
2.966633e-01 	 6.036004e+01 	 6.036004e+01 	 6.036004e+01 
2.989982e-01 	 5.981211e+01 	 5.981211e+01 	 5.981211e+01 
3.013515e-01 	 5.927222e+01 	 5.927222e+01 	 5.927222e+01 
3.037233e-01 	 5.874049e+01 	 5.874049e+01 	 5.874049e+01 
3.061137e-01 	 5.821708e+01 	 5.821708e+01 	 5.821708e+01 
3.085230e-01 	 5.770205e+01 	 5.770205e+01 	 5.770205e+01 
3.109513e-01 	 5.719523e+01 	 5.719523e+01 	 5.719523e+01 
3.133986e-01 	 5.669640e+01 	 5.669640e+01 	 5.669640e+01 
3.158652e-01 	 5.620539e+01 	 5.620539e+01 	 5.620539e+01 
3.183513e-01 	 5.572204e+01 	 5.572204e+01 	 5.572204e+01 
3.208569e-01 	 5.524624e+01 	 5.524624e+01 	 5.524624e+01 
3.233822e-01 	 5.477780e+01 	 5.477780e+01 	 5.477780e+01 
3.259274e-01 	 5.431655e+01 	 5.431655e+01 	 5.431655e+01 
3.284926e-01 	 5.386225e+01 	 5.386225e+01 	 5.386225e+01 
3.310780e-01 	 5.341472e+01 	 5.341472e+01 	 5.341472e+01 
3.336838e-01 	 5.297383e+01 	 5.297383e+01 	 5.297383e+01 
3.363100e-01 	 5.253944e+01 	 5.253944e+01 	 5.253944e+01 
3.389570e-01 	 5.211146e+01 	 5.211146e+01 	 5.211146e+01 
3.416247e-01 	 5.168989e+01 	 5.168989e+01 	 5.168989e+01 
3.443135e-01 	 5.127472e+01 	 5.127472e+01 	 5.127472e+01 
3.470234e-01 	 5.086585e+01 	 5.086585e+01 	 5.086585e+01 
3.497547e-01 	 5.046303e+01 	 5.046303e+01 	 5.046303e+01 
3.525075e-01 	 5.006599e+01 	 5.006599e+01 	 5.006599e+01 
3.552819e-01 	 4.967455e+01 	 4.967455e+01 	 4.967455e+01 
3.580781e-01 	 4.928863e+01 	 4.928863e+01 	 4.928863e+01 
3.608964e-01 	 4.890818e+01 	 4.890818e+01 	 4.890818e+01 
3.637369e-01 	 4.853314e+01 	 4.853314e+01 	 4.853314e+01 
3.665997e-01 	 4.816346e+01 	 4.816346e+01 	 4.816346e+01 
3.694850e-01 	 4.779911e+01 	 4.779911e+01 	 4.779911e+01 
3.723930e-01 	 4.744001e+01 	 4.744001e+01 	 4.744001e+01 
3.753240e-01 	 4.708607e+01 	 4.708607e+01 	 4.708607e+01 
3.782780e-01 	 4.673720e+01 	 4.673720e+01 	 4.673720e+01 
3.812552e-01 	 4.639327e+01 	 4.639327e+01 	 4.639327e+01 
3.842559e-01 	 4.605413e+01 	 4.605413e+01 	 4.605413e+01 
3.872802e-01 	 4.571959e+01 	 4.571959e+01 	 4.571959e+01 
3.903283e-01 	 4.538964e+01 	 4.538964e+01 	 4.538964e+01 
3.934004e-01 	 4.506436e+01 	 4.506436e+01 	 4.506436e+01 
3.964967e-01 	 4.474382e+01 	 4.474382e+01 	 4.474382e+01 
3.996173e-01 	 4.442798e+01 	 4.442798e+01 	 4.442798e+01 
4.027625e-01 	 4.411666e+01 	 4.411666e+01 	 4.411666e+01 
4.059325e-01 	 4.380967e+01 	 4.380967e+01 	 4.380967e+01 
4.091274e-01 	 4.350695e+01 	 4.350695e+01 	 4.350695e+01 
4.123474e-01 	 4.320856e+01 	 4.320856e+01 	 4.320856e+01 
4.155928e-01 	 4.291455e+01 	 4.291455e+01 	 4.291455e+01 
4.188638e-01 	 4.262489e+01 	 4.262489e+01 	 4.262489e+01 
4.221605e-01 	 4.233944e+01 	 4.233944e+01 	 4.233944e+01 
4.254831e-01 	 4.205808e+01 	 4.205808e+01 	 4.205808e+01 
4.288319e-01 	 4.178078e+01 	 4.178078e+01 	 4.178078e+01 
4.322070e-01 	 4.150765e+01 	 4.150765e+01 	 4.150765e+01 
4.356087e-01 	 4.123873e+01 	 4.123873e+01 	 4.123873e+01 
4.390372e-01 	 4.097394e+01 	 4.097394e+01 	 4.097394e+01 
4.424926e-01 	 4.071301e+01 	 4.071301e+01 	 4.071301e+01 
4.459753e-01 	 4.045571e+01 	 4.045571e+01 	 4.045571e+01 
4.494854e-01 	 4.020207e+01 	 4.020207e+01 	 4.020207e+01 
4.530231e-01 	 3.995229e+01 	 3.995229e+01 	 3.995229e+01 
4.565886e-01 	 3.970655e+01 	 3.970655e+01 	 3.970655e+01 
4.601822e-01 	 3.946474e+01 	 3.946474e+01 	 3.946474e+01 
4.638041e-01 	 3.922660e+01 	 3.922660e+01 	 3.922660e+01 
4.674544e-01 	 3.899183e+01 	 3.899183e+01 	 3.899183e+01 
4.711336e-01 	 3.876042e+01 	 3.876042e+01 	 3.876042e+01 
4.748416e-01 	 3.853248e+01 	 3.853248e+01 	 3.853248e+01 
4.785789e-01 	 3.830813e+01 	 3.830813e+01 	 3.830813e+01 
4.823456e-01 	 3.808736e+01 	 3.808736e+01 	 3.808736e+01 
4.861419e-01 	 3.787011e+01 	 3.787011e+01 	 3.787011e+01 
4.899681e-01 	 3.765629e+01 	 3.765629e+01 	 3.765629e+01 
4.938244e-01 	 3.744581e+01 	 3.744581e+01 	 3.744581e+01 
4.977111e-01 	 3.723855e+01 	 3.723855e+01 	 3.723855e+01 
5.016283e-01 	 3.703441e+01 	 3.703441e+01 	 3.703441e+01 
5.055764e-01 	 3.683339e+01 	 3.683339e+01 	 3.683339e+01 
5.095556e-01 	 3.663556e+01 	 3.663556e+01 	 3.663556e+01 
5.135660e-01 	 3.644097e+01 	 3.644097e+01 	 3.644097e+01 
5.176081e-01 	 3.624953e+01 	 3.624953e+01 	 3.624953e+01 
5.216819e-01 	 3.606109e+01 	 3.606109e+01 	 3.606109e+01 
5.257878e-01 	 3.587549e+01 	 3.587549e+01 	 3.587549e+01 
5.299261e-01 	 3.569277e+01 	 3.569277e+01 	 3.569277e+01 
5.340969e-01 	 3.551300e+01 	 3.551300e+01 	 3.551300e+01 
5.383005e-01 	 3.533626e+01 	 3.533626e+01 	 3.533626e+01 
5.425372e-01 	 3.516243e+01 	 3.516243e+01 	 3.516243e+01 
5.468073e-01 	 3.499135e+01 	 3.499135e+01 	 3.499135e+01 
5.511109e-01 	 3.482288e+01 	 3.482288e+01 	 3.482288e+01 
5.554485e-01 	 3.465702e+01 	 3.465702e+01 	 3.465702e+01 
5.598202e-01 	 3.449386e+01 	 3.449386e+01 	 3.449386e+01 
5.642262e-01 	 3.433344e+01 	 3.433344e+01 	 3.433344e+01 
5.686670e-01 	 3.417572e+01 	 3.417572e+01 	 3.417572e+01 
5.731427e-01 	 3.402060e+01 	 3.402060e+01 	 3.402060e+01 
5.776537e-01 	 3.386798e+01 	 3.386798e+01 	 3.386798e+01 
5.822001e-01 	 3.371785e+01 	 3.371785e+01 	 3.371785e+01 
5.867823e-01 	 3.357017e+01 	 3.357017e+01 	 3.357017e+01 
5.914006e-01 	 3.342493e+01 	 3.342493e+01 	 3.342493e+01 
5.960553e-01 	 3.328208e+01 	 3.328208e+01 	 3.328208e+01 
6.007465e-01 	 3.314153e+01 	 3.314153e+01 	 3.314153e+01 
6.054747e-01 	 3.300324e+01 	 3.300324e+01 	 3.300324e+01 
6.102402e-01 	 3.286719e+01 	 3.286719e+01 	 3.286719e+01 
6.150431e-01 	 3.273340e+01 	 3.273340e+01 	 3.273340e+01 
6.198838e-01 	 3.260186e+01 	 3.260186e+01 	 3.260186e+01 
6.247626e-01 	 3.247254e+01 	 3.247254e+01 	 3.247254e+01 
6.296798e-01 	 3.234537e+01 	 3.234537e+01 	 3.234537e+01 
6.346357e-01 	 3.222030e+01 	 3.222030e+01 	 3.222030e+01 
6.396307e-01 	 3.209728e+01 	 3.209728e+01 	 3.209728e+01 
6.446649e-01 	 3.197625e+01 	 3.197625e+01 	 3.197625e+01 
6.497388e-01 	 3.185714e+01 	 3.185714e+01 	 3.185714e+01 
6.548526e-01 	 3.173998e+01 	 3.173998e+01 	 3.173998e+01 
6.600066e-01 	 3.162476e+01 	 3.162476e+01 	 3.162476e+01 
6.652012e-01 	 3.151151e+01 	 3.151151e+01 	 3.151151e+01 
6.704367e-01 	 3.140015e+01 	 3.140015e+01 	 3.140015e+01 
6.757134e-01 	 3.129062e+01 	 3.129062e+01 	 3.129062e+01 
6.810316e-01 	 3.118288e+01 	 3.118288e+01 	 3.118288e+01 
6.863917e-01 	 3.107689e+01 	 3.107689e+01 	 3.107689e+01 
6.917940e-01 	 3.097267e+01 	 3.097267e+01 	 3.097267e+01 
6.972388e-01 	 3.087019e+01 	 3.087019e+01 	 3.087019e+01 
7.027264e-01 	 3.076942e+01 	 3.076942e+01 	 3.076942e+01 
7.082572e-01 	 3.067034e+01 	 3.067034e+01 	 3.067034e+01 
7.138316e-01 	 3.057291e+01 	 3.057291e+01 	 3.057291e+01 
7.194498e-01 	 3.047711e+01 	 3.047711e+01 	 3.047711e+01 
7.251123e-01 	 3.038292e+01 	 3.038292e+01 	 3.038292e+01 
7.308193e-01 	 3.029030e+01 	 3.029030e+01 	 3.029030e+01 
7.365713e-01 	 3.019924e+01 	 3.019924e+01 	 3.019924e+01 
7.423685e-01 	 3.010970e+01 	 3.010970e+01 	 3.010970e+01 
7.482113e-01 	 3.002167e+01 	 3.002167e+01 	 3.002167e+01 
7.541001e-01 	 2.993513e+01 	 2.993513e+01 	 2.993513e+01 
7.600353e-01 	 2.985006e+01 	 2.985006e+01 	 2.985006e+01 
7.660172e-01 	 2.976645e+01 	 2.976645e+01 	 2.976645e+01 
7.720462e-01 	 2.968427e+01 	 2.968427e+01 	 2.968427e+01 
7.781226e-01 	 2.960348e+01 	 2.960348e+01 	 2.960348e+01 
7.842468e-01 	 2.952405e+01 	 2.952405e+01 	 2.952405e+01 
7.904193e-01 	 2.944598e+01 	 2.944598e+01 	 2.944598e+01 
7.966403e-01 	 2.936926e+01 	 2.936926e+01 	 2.936926e+01 
8.029103e-01 	 2.929387e+01 	 2.929387e+01 	 2.929387e+01 
8.092296e-01 	 2.921980e+01 	 2.921980e+01 	 2.921980e+01 
8.155987e-01 	 2.914700e+01 	 2.914700e+01 	 2.914700e+01 
8.220179e-01 	 2.907547e+01 	 2.907547e+01 	 2.907547e+01 
8.284876e-01 	 2.900516e+01 	 2.900516e+01 	 2.900516e+01 
8.350082e-01 	 2.893607e+01 	 2.893607e+01 	 2.893607e+01 
8.415802e-01 	 2.886815e+01 	 2.886815e+01 	 2.886815e+01 
8.482039e-01 	 2.880142e+01 	 2.880142e+01 	 2.880142e+01 
8.548797e-01 	 2.873586e+01 	 2.873586e+01 	 2.873586e+01 
8.616081e-01 	 2.867146e+01 	 2.867146e+01 	 2.867146e+01 
8.683894e-01 	 2.860819e+01 	 2.860819e+01 	 2.860819e+01 
8.752241e-01 	 2.854604e+01 	 2.854604e+01 	 2.854604e+01 
8.821126e-01 	 2.848498e+01 	 2.848498e+01 	 2.848498e+01 
8.890553e-01 	 2.842499e+01 	 2.842499e+01 	 2.842499e+01 
8.960526e-01 	 2.836606e+01 	 2.836606e+01 	 2.836606e+01 
9.031050e-01 	 2.830817e+01 	 2.830817e+01 	 2.830817e+01 
9.102129e-01 	 2.825130e+01 	 2.825130e+01 	 2.825130e+01 
9.173768e-01 	 2.819545e+01 	 2.819545e+01 	 2.819545e+01 
9.245971e-01 	 2.814059e+01 	 2.814059e+01 	 2.814059e+01 
9.318741e-01 	 2.808670e+01 	 2.808670e+01 	 2.808670e+01 
9.392085e-01 	 2.803377e+01 	 2.803377e+01 	 2.803377e+01 
9.466006e-01 	 2.798178e+01 	 2.798178e+01 	 2.798178e+01 
9.540508e-01 	 2.793071e+01 	 2.793071e+01 	 2.793071e+01 
9.615597e-01 	 2.788057e+01 	 2.788057e+01 	 2.788057e+01 
9.691277e-01 	 2.783133e+01 	 2.783133e+01 	 2.783133e+01 
9.767552e-01 	 2.778298e+01 	 2.778298e+01 	 2.778298e+01 
9.844428e-01 	 2.773550e+01 	 2.773550e+01 	 2.773550e+01 
9.921909e-01 	 2.768887e+01 	 2.768887e+01 	 2.768887e+01 
1.000000e+00 	 2.764310e+01 	 2.764310e+01 	 2.764310e+01 
