2.000000e-02 	 9.928461e+02 	 5.398113e+02 	 3.552089e+01 
2.015741e-02 	 9.910722e+02 	 5.388469e+02 	 3.545742e+01 
2.031606e-02 	 9.892295e+02 	 5.378450e+02 	 3.539150e+01 
2.047596e-02 	 9.873070e+02 	 5.367997e+02 	 3.532271e+01 
2.063712e-02 	 9.853008e+02 	 5.357090e+02 	 3.525094e+01 
2.079954e-02 	 9.832164e+02 	 5.345756e+02 	 3.517637e+01 
2.096324e-02 	 9.810597e+02 	 5.334030e+02 	 3.509921e+01 
2.112824e-02 	 9.788343e+02 	 5.321931e+02 	 3.501959e+01 
2.129453e-02 	 9.765407e+02 	 5.309460e+02 	 3.493753e+01 
2.146213e-02 	 9.741792e+02 	 5.296621e+02 	 3.485305e+01 
2.163104e-02 	 9.717489e+02 	 5.283407e+02 	 3.476610e+01 
2.180129e-02 	 9.692468e+02 	 5.269804e+02 	 3.467658e+01 
2.197288e-02 	 9.666702e+02 	 5.255795e+02 	 3.458440e+01 
2.214582e-02 	 9.640155e+02 	 5.241361e+02 	 3.448942e+01 
2.232012e-02 	 9.612783e+02 	 5.226479e+02 	 3.439149e+01 
2.249579e-02 	 9.584547e+02 	 5.211127e+02 	 3.429047e+01 
2.267284e-02 	 9.555502e+02 	 5.195335e+02 	 3.418656e+01 
2.285129e-02 	 9.525800e+02 	 5.179186e+02 	 3.408029e+01 
2.303114e-02 	 9.495594e+02 	 5.162763e+02 	 3.397223e+01 
2.321241e-02 	 9.464874e+02 	 5.146061e+02 	 3.386232e+01 
2.339510e-02 	 9.433479e+02 	 5.128991e+02 	 3.375000e+01 
2.357924e-02 	 9.401241e+02 	 5.111463e+02 	 3.363466e+01 
2.376482e-02 	 9.368121e+02 	 5.093456e+02 	 3.351617e+01 
2.395186e-02 	 9.334189e+02 	 5.075007e+02 	 3.339477e+01 
2.414037e-02 	 9.299519e+02 	 5.056157e+02 	 3.327073e+01 
2.433037e-02 	 9.264188e+02 	 5.036947e+02 	 3.314433e+01 
2.452186e-02 	 9.228270e+02 	 5.017419e+02 	 3.301583e+01 
2.471486e-02 	 9.191840e+02 	 4.997612e+02 	 3.288549e+01 
2.490938e-02 	 9.154878e+02 	 4.977516e+02 	 3.275325e+01 
2.510543e-02 	 9.117299e+02 	 4.957084e+02 	 3.261881e+01 
2.530303e-02 	 9.079015e+02 	 4.936269e+02 	 3.248184e+01 
2.550218e-02 	 9.040015e+02 	 4.915064e+02 	 3.234231e+01 
2.570289e-02 	 9.000339e+02 	 4.893493e+02 	 3.220036e+01 
2.590519e-02 	 8.960031e+02 	 4.871577e+02 	 3.205615e+01 
2.610907e-02 	 8.919112e+02 	 4.849330e+02 	 3.190976e+01 
2.631457e-02 	 8.877592e+02 	 4.826755e+02 	 3.176121e+01 
2.652168e-02 	 8.835480e+02 	 4.803859e+02 	 3.161055e+01 
2.673042e-02 	 8.792810e+02 	 4.780659e+02 	 3.145789e+01 
2.694080e-02 	 8.749625e+02 	 4.757179e+02 	 3.130338e+01 
2.715284e-02 	 8.705966e+02 	 4.733441e+02 	 3.114719e+01 
2.736655e-02 	 8.661804e+02 	 4.709431e+02 	 3.098919e+01 
2.758193e-02 	 8.617072e+02 	 4.685110e+02 	 3.082915e+01 
2.779902e-02 	 8.571708e+02 	 4.660445e+02 	 3.066685e+01 
2.801781e-02 	 8.525756e+02 	 4.635461e+02 	 3.050245e+01 
2.823833e-02 	 8.479318e+02 	 4.610213e+02 	 3.033631e+01 
2.846058e-02 	 8.432492e+02 	 4.584753e+02 	 3.016878e+01 
2.868458e-02 	 8.385300e+02 	 4.559095e+02 	 2.999995e+01 
2.891034e-02 	 8.337729e+02 	 4.533231e+02 	 2.982975e+01 
2.913788e-02 	 8.289761e+02 	 4.507150e+02 	 2.965814e+01 
2.936721e-02 	 8.241366e+02 	 4.480838e+02 	 2.948499e+01 
2.959835e-02 	 8.192507e+02 	 4.454274e+02 	 2.931019e+01 
2.983130e-02 	 8.143160e+02 	 4.427444e+02 	 2.913365e+01 
3.006609e-02 	 8.093389e+02 	 4.400383e+02 	 2.895558e+01 
3.030273e-02 	 8.043301e+02 	 4.373150e+02 	 2.877638e+01 
3.054123e-02 	 7.992994e+02 	 4.345798e+02 	 2.859640e+01 
3.078160e-02 	 7.942490e+02 	 4.318339e+02 	 2.841571e+01 
3.102387e-02 	 7.891780e+02 	 4.290768e+02 	 2.823429e+01 
3.126804e-02 	 7.840854e+02 	 4.263079e+02 	 2.805209e+01 
3.151414e-02 	 7.789709e+02 	 4.235272e+02 	 2.786911e+01 
3.176217e-02 	 7.738345e+02 	 4.207345e+02 	 2.768535e+01 
3.201216e-02 	 7.686763e+02 	 4.179300e+02 	 2.750080e+01 
3.226411e-02 	 7.634986e+02 	 4.151149e+02 	 2.731556e+01 
3.251805e-02 	 7.583044e+02 	 4.122908e+02 	 2.712973e+01 
3.277398e-02 	 7.530966e+02 	 4.094593e+02 	 2.694341e+01 
3.303193e-02 	 7.478778e+02 	 4.066218e+02 	 2.675670e+01 
3.329191e-02 	 7.426506e+02 	 4.037798e+02 	 2.656969e+01 
3.355394e-02 	 7.374172e+02 	 4.009344e+02 	 2.638245e+01 
3.381802e-02 	 7.321777e+02 	 3.980857e+02 	 2.619500e+01 
3.408419e-02 	 7.269317e+02 	 3.952334e+02 	 2.600731e+01 
3.435245e-02 	 7.216795e+02 	 3.923778e+02 	 2.581941e+01 
3.462282e-02 	 7.164252e+02 	 3.895210e+02 	 2.563142e+01 
3.489532e-02 	 7.111742e+02 	 3.866661e+02 	 2.544356e+01 
3.516997e-02 	 7.059312e+02 	 3.838155e+02 	 2.525598e+01 
3.544677e-02 	 7.006970e+02 	 3.809696e+02 	 2.506872e+01 
3.572576e-02 	 6.954712e+02 	 3.781284e+02 	 2.488176e+01 
3.600694e-02 	 6.902543e+02 	 3.752919e+02 	 2.469511e+01 
3.629033e-02 	 6.850489e+02 	 3.724617e+02 	 2.450888e+01 
3.657596e-02 	 6.798582e+02 	 3.696395e+02 	 2.432317e+01 
3.686383e-02 	 6.746856e+02 	 3.668272e+02 	 2.413811e+01 
3.715397e-02 	 6.695343e+02 	 3.640264e+02 	 2.395381e+01 
3.744639e-02 	 6.644074e+02 	 3.612389e+02 	 2.377039e+01 
3.774111e-02 	 6.593079e+02 	 3.584663e+02 	 2.358795e+01 
3.803816e-02 	 6.542382e+02 	 3.557099e+02 	 2.340657e+01 
3.833754e-02 	 6.492001e+02 	 3.529707e+02 	 2.322632e+01 
3.863927e-02 	 6.441958e+02 	 3.502498e+02 	 2.304728e+01 
3.894339e-02 	 6.392265e+02 	 3.475480e+02 	 2.286950e+01 
3.924989e-02 	 6.342936e+02 	 3.448660e+02 	 2.269302e+01 
3.955881e-02 	 6.293985e+02 	 3.422045e+02 	 2.251788e+01 
3.987016e-02 	 6.245425e+02 	 3.395643e+02 	 2.234415e+01 
4.018396e-02 	 6.197274e+02 	 3.369463e+02 	 2.217188e+01 
4.050023e-02 	 6.149547e+02 	 3.343514e+02 	 2.200113e+01 
4.081898e-02 	 6.102264e+02 	 3.317806e+02 	 2.183197e+01 
4.114025e-02 	 6.055445e+02 	 3.292351e+02 	 2.166446e+01 
4.146405e-02 	 6.009110e+02 	 3.267159e+02 	 2.149869e+01 
4.179039e-02 	 5.963282e+02 	 3.242242e+02 	 2.133473e+01 
4.211931e-02 	 5.917980e+02 	 3.217611e+02 	 2.117266e+01 
4.245081e-02 	 5.873220e+02 	 3.193275e+02 	 2.101252e+01 
4.278492e-02 	 5.828994e+02 	 3.169229e+02 	 2.085429e+01 
4.312166e-02 	 5.785291e+02 	 3.145468e+02 	 2.069794e+01 
4.346105e-02 	 5.742109e+02 	 3.121990e+02 	 2.054345e+01 
4.380311e-02 	 5.699468e+02 	 3.098806e+02 	 2.039089e+01 
4.414786e-02 	 5.657391e+02 	 3.075928e+02 	 2.024035e+01 
4.449533e-02 	 5.615891e+02 	 3.053365e+02 	 2.009188e+01 
4.484553e-02 	 5.574965e+02 	 3.031114e+02 	 1.994546e+01 
4.519849e-02 	 5.534610e+02 	 3.009172e+02 	 1.980108e+01 
4.555423e-02 	 5.494826e+02 	 2.987542e+02 	 1.965875e+01 
4.591276e-02 	 5.455633e+02 	 2.966233e+02 	 1.951853e+01 
4.627412e-02 	 5.417052e+02 	 2.945256e+02 	 1.938050e+01 
4.663832e-02 	 5.379092e+02 	 2.924617e+02 	 1.924469e+01 
4.700539e-02 	 5.341735e+02 	 2.904306e+02 	 1.911104e+01 
4.737535e-02 	 5.304963e+02 	 2.884313e+02 	 1.897948e+01 
4.774822e-02 	 5.268771e+02 	 2.864636e+02 	 1.884999e+01 
4.812402e-02 	 5.233177e+02 	 2.845283e+02 	 1.872265e+01 
4.850279e-02 	 5.198204e+02 	 2.826268e+02 	 1.859753e+01 
4.888453e-02 	 5.163864e+02 	 2.807598e+02 	 1.847467e+01 
4.926928e-02 	 5.130157e+02 	 2.789271e+02 	 1.835408e+01 
4.965705e-02 	 5.097080e+02 	 2.771287e+02 	 1.823574e+01 
5.004788e-02 	 5.064632e+02 	 2.753645e+02 	 1.811965e+01 
5.044178e-02 	 5.032816e+02 	 2.736347e+02 	 1.800582e+01 
5.083879e-02 	 5.001636e+02 	 2.719394e+02 	 1.789427e+01 
5.123892e-02 	 4.971089e+02 	 2.702786e+02 	 1.778498e+01 
5.164219e-02 	 4.941170e+02 	 2.686519e+02 	 1.767794e+01 
5.204865e-02 	 4.911869e+02 	 2.670587e+02 	 1.757311e+01 
5.245830e-02 	 4.883167e+02 	 2.654982e+02 	 1.747042e+01 
5.287117e-02 	 4.855030e+02 	 2.639684e+02 	 1.736976e+01 
5.328730e-02 	 4.827422e+02 	 2.624673e+02 	 1.727098e+01 
5.370670e-02 	 4.800306e+02 	 2.609931e+02 	 1.717397e+01 
5.412940e-02 	 4.773646e+02 	 2.595436e+02 	 1.707859e+01 
5.455542e-02 	 4.747405e+02 	 2.581168e+02 	 1.698471e+01 
5.498480e-02 	 4.721546e+02 	 2.567109e+02 	 1.689219e+01 
5.541756e-02 	 4.696034e+02 	 2.553238e+02 	 1.680092e+01 
5.585373e-02 	 4.670833e+02 	 2.539536e+02 	 1.671076e+01 
5.629333e-02 	 4.645912e+02 	 2.525987e+02 	 1.662160e+01 
5.673639e-02 	 4.621245e+02 	 2.512575e+02 	 1.653335e+01 
5.718293e-02 	 4.596803e+02 	 2.499286e+02 	 1.644591e+01 
5.763299e-02 	 4.572557e+02 	 2.486103e+02 	 1.635916e+01 
5.808660e-02 	 4.548468e+02 	 2.473006e+02 	 1.627298e+01 
5.854377e-02 	 4.524500e+02 	 2.459975e+02 	 1.618723e+01 
5.900454e-02 	 4.500625e+02 	 2.446994e+02 	 1.610181e+01 
5.946894e-02 	 4.476827e+02 	 2.434055e+02 	 1.601667e+01 
5.993699e-02 	 4.453088e+02 	 2.421148e+02 	 1.593174e+01 
6.040873e-02 	 4.429384e+02 	 2.408260e+02 	 1.584693e+01 
6.088418e-02 	 4.405685e+02 	 2.395375e+02 	 1.576214e+01 
6.136337e-02 	 4.381961e+02 	 2.382476e+02 	 1.567727e+01 
6.184633e-02 	 4.358184e+02 	 2.369549e+02 	 1.559220e+01 
6.233309e-02 	 4.334326e+02 	 2.356577e+02 	 1.550685e+01 
6.282369e-02 	 4.310361e+02 	 2.343547e+02 	 1.542111e+01 
6.331814e-02 	 4.286259e+02 	 2.330443e+02 	 1.533488e+01 
6.381649e-02 	 4.261990e+02 	 2.317248e+02 	 1.524805e+01 
6.431876e-02 	 4.237522e+02 	 2.303945e+02 	 1.516051e+01 
6.482498e-02 	 4.212814e+02 	 2.290511e+02 	 1.507211e+01 
6.533519e-02 	 4.187821e+02 	 2.276922e+02 	 1.498270e+01 
6.584941e-02 	 4.162493e+02 	 2.263151e+02 	 1.489208e+01 
6.636769e-02 	 4.136788e+02 	 2.249175e+02 	 1.480012e+01 
6.689003e-02 	 4.110662e+02 	 2.234971e+02 	 1.470665e+01 
6.741649e-02 	 4.084072e+02 	 2.220514e+02 	 1.461152e+01 
6.794710e-02 	 4.056978e+02 	 2.205783e+02 	 1.451458e+01 
6.848188e-02 	 4.029344e+02 	 2.190758e+02 	 1.441572e+01 
6.902087e-02 	 4.001131e+02 	 2.175419e+02 	 1.431478e+01 
6.956410e-02 	 3.972309e+02 	 2.159748e+02 	 1.421166e+01 
7.011161e-02 	 3.942853e+02 	 2.143733e+02 	 1.410628e+01 
7.066342e-02 	 3.912735e+02 	 2.127358e+02 	 1.399853e+01 
7.121958e-02 	 3.881935e+02 	 2.110612e+02 	 1.388833e+01 
7.178012e-02 	 3.850433e+02 	 2.093484e+02 	 1.377563e+01 
7.234507e-02 	 3.818210e+02 	 2.075964e+02 	 1.366034e+01 
7.291446e-02 	 3.785229e+02 	 2.058033e+02 	 1.354235e+01 
7.348834e-02 	 3.751451e+02 	 2.039667e+02 	 1.342150e+01 
7.406673e-02 	 3.716835e+02 	 2.020847e+02 	 1.329766e+01 
7.464967e-02 	 3.681377e+02 	 2.001568e+02 	 1.317080e+01 
7.523721e-02 	 3.645089e+02 	 1.981838e+02 	 1.304097e+01 
7.582936e-02 	 3.607982e+02 	 1.961663e+02 	 1.290822e+01 
7.642618e-02 	 3.570047e+02 	 1.941038e+02 	 1.277250e+01 
7.702770e-02 	 3.531269e+02 	 1.919954e+02 	 1.263376e+01 
7.763395e-02 	 3.491643e+02 	 1.898409e+02 	 1.249199e+01 
7.824497e-02 	 3.451250e+02 	 1.876448e+02 	 1.234748e+01 
7.886080e-02 	 3.410213e+02 	 1.854136e+02 	 1.220066e+01 
7.948147e-02 	 3.368654e+02 	 1.831540e+02 	 1.205198e+01 
8.010704e-02 	 3.326672e+02 	 1.808715e+02 	 1.190178e+01 
8.073752e-02 	 3.284355e+02 	 1.785707e+02 	 1.175038e+01 
8.137297e-02 	 3.241796e+02 	 1.762567e+02 	 1.159812e+01 
8.201342e-02 	 3.199075e+02 	 1.739340e+02 	 1.144528e+01 
8.265891e-02 	 3.156276e+02 	 1.716070e+02 	 1.129216e+01 
8.330948e-02 	 3.113483e+02 	 1.692803e+02 	 1.113905e+01 
8.396517e-02 	 3.070776e+02 	 1.669584e+02 	 1.098626e+01 
8.462602e-02 	 3.028239e+02 	 1.646456e+02 	 1.083408e+01 
8.529207e-02 	 2.985954e+02 	 1.623466e+02 	 1.068280e+01 
8.596336e-02 	 2.943985e+02 	 1.600647e+02 	 1.053264e+01 
8.663994e-02 	 2.902389e+02 	 1.578031e+02 	 1.038383e+01 
8.732184e-02 	 2.861225e+02 	 1.555651e+02 	 1.023656e+01 
8.800911e-02 	 2.820544e+02 	 1.533532e+02 	 1.009101e+01 
8.870179e-02 	 2.780396e+02 	 1.511704e+02 	 9.947374e+00 
8.939992e-02 	 2.740829e+02 	 1.490191e+02 	 9.805818e+00 
9.010355e-02 	 2.701891e+02 	 1.469021e+02 	 9.666510e+00 
9.081271e-02 	 2.663628e+02 	 1.448217e+02 	 9.529617e+00 
9.152746e-02 	 2.626086e+02 	 1.427806e+02 	 9.395305e+00 
9.224783e-02 	 2.589310e+02 	 1.407810e+02 	 9.263732e+00 
9.297387e-02 	 2.553344e+02 	 1.388255e+02 	 9.135056e+00 
9.370562e-02 	 2.518223e+02 	 1.369160e+02 	 9.009405e+00 
9.444314e-02 	 2.483948e+02 	 1.350525e+02 	 8.886778e+00 
9.518645e-02 	 2.450507e+02 	 1.332343e+02 	 8.767138e+00 
9.593562e-02 	 2.417892e+02 	 1.314610e+02 	 8.650452e+00 
9.669069e-02 	 2.386097e+02 	 1.297323e+02 	 8.536698e+00 
9.745169e-02 	 2.355116e+02 	 1.280479e+02 	 8.425858e+00 
9.821869e-02 	 2.324941e+02 	 1.264073e+02 	 8.317902e+00 
9.899173e-02 	 2.295556e+02 	 1.248096e+02 	 8.212773e+00 
9.977084e-02 	 2.266943e+02 	 1.232539e+02 	 8.110404e+00 
1.005561e-01 	 2.239084e+02 	 1.217392e+02 	 8.010735e+00 
1.013475e-01 	 2.211971e+02 	 1.202650e+02 	 7.913730e+00 
1.021452e-01 	 2.185592e+02 	 1.188309e+02 	 7.819357e+00 
1.029491e-01 	 2.159937e+02 	 1.174360e+02 	 7.727570e+00 
1.037594e-01 	 2.134982e+02 	 1.160792e+02 	 7.638290e+00 
1.045760e-01 	 2.110704e+02 	 1.147592e+02 	 7.551431e+00 
1.053991e-01 	 2.087083e+02 	 1.134749e+02 	 7.466923e+00 
1.062286e-01 	 2.064117e+02 	 1.122262e+02 	 7.384758e+00 
1.070647e-01 	 2.041807e+02 	 1.110132e+02 	 7.304937e+00 
1.079074e-01 	 2.020150e+02 	 1.098358e+02 	 7.227458e+00 
1.087567e-01 	 1.999146e+02 	 1.086937e+02 	 7.152311e+00 
1.096126e-01 	 1.978790e+02 	 1.075870e+02 	 7.079482e+00 
1.104754e-01 	 1.959071e+02 	 1.065149e+02 	 7.008935e+00 
1.113449e-01 	 1.939964e+02 	 1.054760e+02 	 6.940575e+00 
1.122212e-01 	 1.921437e+02 	 1.044687e+02 	 6.874293e+00 
1.131044e-01 	 1.903471e+02 	 1.034919e+02 	 6.810015e+00 
1.139946e-01 	 1.886066e+02 	 1.025456e+02 	 6.747747e+00 
1.148918e-01 	 1.869228e+02 	 1.016301e+02 	 6.687506e+00 
1.157961e-01 	 1.852941e+02 	 1.007446e+02 	 6.629235e+00 
1.167075e-01 	 1.837149e+02 	 9.988598e+01 	 6.572739e+00 
1.176260e-01 	 1.821791e+02 	 9.905097e+01 	 6.517792e+00 
1.185518e-01 	 1.806804e+02 	 9.823607e+01 	 6.464170e+00 
1.194849e-01 	 1.792124e+02 	 9.743797e+01 	 6.411653e+00 
1.204253e-01 	 1.777690e+02 	 9.665319e+01 	 6.360013e+00 
1.213731e-01 	 1.763434e+02 	 9.587805e+01 	 6.309007e+00 
1.223284e-01 	 1.749282e+02 	 9.510862e+01 	 6.258377e+00 
1.232911e-01 	 1.735160e+02 	 9.434083e+01 	 6.207854e+00 
1.242615e-01 	 1.721015e+02 	 9.357172e+01 	 6.157245e+00 
1.252395e-01 	 1.706829e+02 	 9.280043e+01 	 6.106492e+00 
1.262252e-01 	 1.692589e+02 	 9.202622e+01 	 6.055547e+00 
1.272187e-01 	 1.678258e+02 	 9.124705e+01 	 6.004276e+00 
1.282200e-01 	 1.663762e+02 	 9.045889e+01 	 5.952413e+00 
1.292291e-01 	 1.649020e+02 	 8.965739e+01 	 5.899673e+00 
1.302462e-01 	 1.633978e+02 	 8.883952e+01 	 5.845855e+00 
1.312713e-01 	 1.618617e+02 	 8.800435e+01 	 5.790898e+00 
1.323045e-01 	 1.602922e+02 	 8.715103e+01 	 5.734748e+00 
1.333458e-01 	 1.586867e+02 	 8.627808e+01 	 5.677306e+00 
1.343953e-01 	 1.570406e+02 	 8.538310e+01 	 5.618414e+00 
1.354531e-01 	 1.553493e+02 	 8.446353e+01 	 5.557904e+00 
1.365192e-01 	 1.536092e+02 	 8.351746e+01 	 5.495650e+00 
1.375936e-01 	 1.518183e+02 	 8.254376e+01 	 5.431579e+00 
1.386766e-01 	 1.499747e+02 	 8.154139e+01 	 5.365620e+00 
1.397680e-01 	 1.480774e+02 	 8.050983e+01 	 5.297741e+00 
1.408681e-01 	 1.461268e+02 	 7.944926e+01 	 5.227953e+00 
1.419768e-01 	 1.441234e+02 	 7.836000e+01 	 5.156277e+00 
1.430942e-01 	 1.420721e+02 	 7.724473e+01 	 5.082890e+00 
1.442205e-01 	 1.399829e+02 	 7.610885e+01 	 5.008146e+00 
1.453556e-01 	 1.378665e+02 	 7.495812e+01 	 4.932425e+00 
1.464996e-01 	 1.357316e+02 	 7.379741e+01 	 4.856048e+00 
1.476526e-01 	 1.335857e+02 	 7.263067e+01 	 4.779273e+00 
1.488147e-01 	 1.314361e+02 	 7.146193e+01 	 4.702367e+00 
1.499860e-01 	 1.292889e+02 	 7.029452e+01 	 4.625549e+00 
1.511664e-01 	 1.271490e+02 	 6.913104e+01 	 4.548989e+00 
1.523562e-01 	 1.250213e+02 	 6.797419e+01 	 4.472866e+00 
1.535553e-01 	 1.229111e+02 	 6.682689e+01 	 4.397371e+00 
1.547639e-01 	 1.208243e+02 	 6.569226e+01 	 4.322709e+00 
1.559820e-01 	 1.187666e+02 	 6.457352e+01 	 4.249094e+00 
1.572096e-01 	 1.167432e+02 	 6.347337e+01 	 4.176701e+00 
1.584469e-01 	 1.147580e+02 	 6.239402e+01 	 4.105677e+00 
1.596940e-01 	 1.128152e+02 	 6.133773e+01 	 4.036170e+00 
1.609509e-01 	 1.109178e+02 	 6.030609e+01 	 3.968286e+00 
1.622177e-01 	 1.090677e+02 	 5.930020e+01 	 3.902096e+00 
1.634944e-01 	 1.072670e+02 	 5.832117e+01 	 3.837674e+00 
1.647812e-01 	 1.055190e+02 	 5.737079e+01 	 3.775136e+00 
1.660781e-01 	 1.038279e+02 	 5.645130e+01 	 3.714631e+00 
1.673852e-01 	 1.021977e+02 	 5.556496e+01 	 3.656308e+00 
1.687026e-01 	 1.006302e+02 	 5.471271e+01 	 3.600229e+00 
1.700304e-01 	 9.912534e+01 	 5.389454e+01 	 3.546391e+00 
1.713686e-01 	 9.768299e+01 	 5.311033e+01 	 3.494788e+00 
1.727174e-01 	 9.630218e+01 	 5.235958e+01 	 3.445387e+00 
1.740768e-01 	 9.498140e+01 	 5.164147e+01 	 3.398133e+00 
1.754469e-01 	 9.371884e+01 	 5.095502e+01 	 3.352963e+00 
1.768277e-01 	 9.251060e+01 	 5.029810e+01 	 3.309736e+00 
1.782195e-01 	 9.135130e+01 	 4.966779e+01 	 3.268260e+00 
1.796221e-01 	 9.023542e+01 	 4.906108e+01 	 3.228337e+00 
1.810359e-01 	 8.915859e+01 	 4.847561e+01 	 3.189812e+00 
1.824607e-01 	 8.811711e+01 	 4.790935e+01 	 3.152551e+00 
1.838968e-01 	 8.710712e+01 	 4.736022e+01 	 3.116417e+00 
1.853441e-01 	 8.612535e+01 	 4.682643e+01 	 3.081292e+00 
1.868029e-01 	 8.516874e+01 	 4.630632e+01 	 3.047068e+00 
1.882731e-01 	 8.423413e+01 	 4.579818e+01 	 3.013630e+00 
1.897549e-01 	 8.331860e+01 	 4.530040e+01 	 2.980876e+00 
1.912484e-01 	 8.241926e+01 	 4.481143e+01 	 2.948700e+00 
1.927536e-01 	 8.153314e+01 	 4.432965e+01 	 2.916998e+00 
1.942707e-01 	 8.065780e+01 	 4.385372e+01 	 2.885680e+00 
1.957997e-01 	 7.979093e+01 	 4.338240e+01 	 2.854666e+00 
1.973408e-01 	 7.893019e+01 	 4.291441e+01 	 2.823872e+00 
1.988940e-01 	 7.807356e+01 	 4.244867e+01 	 2.793225e+00 
2.004594e-01 	 7.721914e+01 	 4.198411e+01 	 2.762656e+00 
2.020371e-01 	 7.636483e+01 	 4.151963e+01 	 2.732092e+00 
2.036272e-01 	 7.550814e+01 	 4.105384e+01 	 2.701442e+00 
2.052299e-01 	 7.464628e+01 	 4.058525e+01 	 2.670607e+00 
2.068452e-01 	 7.377666e+01 	 4.011244e+01 	 2.639495e+00 
2.084731e-01 	 7.289839e+01 	 3.963492e+01 	 2.608074e+00 
2.101139e-01 	 7.201128e+01 	 3.915260e+01 	 2.576336e+00 
2.117676e-01 	 7.111525e+01 	 3.866543e+01 	 2.544278e+00 
2.134344e-01 	 7.021097e+01 	 3.817377e+01 	 2.511926e+00 
2.151142e-01 	 6.929943e+01 	 3.767816e+01 	 2.479314e+00 
2.168073e-01 	 6.838179e+01 	 3.717924e+01 	 2.446484e+00 
2.185137e-01 	 6.746001e+01 	 3.667807e+01 	 2.413505e+00 
2.202335e-01 	 6.653635e+01 	 3.617588e+01 	 2.380460e+00 
2.219668e-01 	 6.561288e+01 	 3.567378e+01 	 2.347421e+00 
2.237138e-01 	 6.469000e+01 	 3.517201e+01 	 2.314403e+00 
2.254746e-01 	 6.376762e+01 	 3.467052e+01 	 2.281404e+00 
2.272492e-01 	 6.284592e+01 	 3.416938e+01 	 2.248428e+00 
2.290378e-01 	 6.192624e+01 	 3.366935e+01 	 2.215525e+00 
2.308404e-01 	 6.101034e+01 	 3.317138e+01 	 2.182757e+00 
2.326573e-01 	 6.009987e+01 	 3.267636e+01 	 2.150183e+00 
2.344884e-01 	 5.919574e+01 	 3.218478e+01 	 2.117836e+00 
2.363339e-01 	 5.829867e+01 	 3.169704e+01 	 2.085742e+00 
2.381940e-01 	 5.740937e+01 	 3.121353e+01 	 2.053925e+00 
2.400687e-01 	 5.652835e+01 	 3.073451e+01 	 2.022405e+00 
2.419582e-01 	 5.565606e+01 	 3.026025e+01 	 1.991197e+00 
2.438625e-01 	 5.479304e+01 	 2.979103e+01 	 1.960321e+00 
2.457819e-01 	 5.394009e+01 	 2.932728e+01 	 1.929806e+00 
2.477163e-01 	 5.309809e+01 	 2.886948e+01 	 1.899681e+00 
2.496660e-01 	 5.226781e+01 	 2.841806e+01 	 1.869977e+00 
2.516310e-01 	 5.144961e+01 	 2.797320e+01 	 1.840704e+00 
2.536114e-01 	 5.064377e+01 	 2.753506e+01 	 1.811874e+00 
2.556075e-01 	 4.985054e+01 	 2.710378e+01 	 1.783494e+00 
2.576193e-01 	 4.907016e+01 	 2.667949e+01 	 1.755575e+00 
2.596469e-01 	 4.830286e+01 	 2.626231e+01 	 1.728123e+00 
2.616904e-01 	 4.754868e+01 	 2.585226e+01 	 1.701141e+00 
2.637501e-01 	 4.680714e+01 	 2.544908e+01 	 1.674611e+00 
2.658259e-01 	 4.607761e+01 	 2.505244e+01 	 1.648511e+00 
2.679181e-01 	 4.535962e+01 	 2.466207e+01 	 1.622823e+00 
2.700268e-01 	 4.465312e+01 	 2.427794e+01 	 1.597547e+00 
2.721520e-01 	 4.395818e+01 	 2.390010e+01 	 1.572684e+00 
2.742940e-01 	 4.327472e+01 	 2.352851e+01 	 1.548232e+00 
2.764529e-01 	 4.260247e+01 	 2.316300e+01 	 1.524182e+00 
2.786287e-01 	 4.194108e+01 	 2.280340e+01 	 1.500519e+00 
2.808216e-01 	 4.129019e+01 	 2.244951e+01 	 1.477232e+00 
2.830319e-01 	 4.064953e+01 	 2.210119e+01 	 1.454311e+00 
2.852595e-01 	 4.001880e+01 	 2.175826e+01 	 1.431746e+00 
2.875046e-01 	 3.939786e+01 	 2.142065e+01 	 1.409531e+00 
2.897674e-01 	 3.878695e+01 	 2.108850e+01 	 1.387674e+00 
2.920481e-01 	 3.818636e+01 	 2.076196e+01 	 1.366187e+00 
2.943466e-01 	 3.759608e+01 	 2.044102e+01 	 1.345069e+00 
2.966633e-01 	 3.701545e+01 	 2.012533e+01 	 1.324295e+00 
2.989982e-01 	 3.644369e+01 	 1.981447e+01 	 1.303840e+00 
3.013515e-01 	 3.588032e+01 	 1.950816e+01 	 1.283684e+00 
3.037233e-01 	 3.532545e+01 	 1.920648e+01 	 1.263833e+00 
3.061137e-01 	 3.477927e+01 	 1.890952e+01 	 1.244292e+00 
3.085230e-01 	 3.424183e+01 	 1.861732e+01 	 1.225064e+00 
3.109513e-01 	 3.371297e+01 	 1.832977e+01 	 1.206143e+00 
3.133986e-01 	 3.319244e+01 	 1.804676e+01 	 1.187520e+00 
3.158652e-01 	 3.268007e+01 	 1.776818e+01 	 1.169189e+00 
3.183513e-01 	 3.217570e+01 	 1.749396e+01 	 1.151145e+00 
3.208569e-01 	 3.167920e+01 	 1.722401e+01 	 1.133381e+00 
3.233822e-01 	 3.119039e+01 	 1.695824e+01 	 1.115893e+00 
3.259274e-01 	 3.070907e+01 	 1.669655e+01 	 1.098673e+00 
3.284926e-01 	 3.023500e+01 	 1.643880e+01 	 1.081712e+00 
3.310780e-01 	 2.976799e+01 	 1.618488e+01 	 1.065004e+00 
3.336838e-01 	 2.930789e+01 	 1.593473e+01 	 1.048544e+00 
3.363100e-01 	 2.885457e+01 	 1.568826e+01 	 1.032325e+00 
3.389570e-01 	 2.840793e+01 	 1.544542e+01 	 1.016346e+00 
3.416247e-01 	 2.796796e+01 	 1.520621e+01 	 1.000605e+00 
3.443135e-01 	 2.753468e+01 	 1.497063e+01 	 9.851035e-01 
3.470234e-01 	 2.710796e+01 	 1.473862e+01 	 9.698367e-01 
3.497547e-01 	 2.668754e+01 	 1.451004e+01 	 9.547955e-01 
3.525075e-01 	 2.627314e+01 	 1.428473e+01 	 9.399696e-01 
3.552819e-01 	 2.586456e+01 	 1.406258e+01 	 9.253520e-01 
3.580781e-01 	 2.546173e+01 	 1.384357e+01 	 9.109402e-01 
3.608964e-01 	 2.506459e+01 	 1.362764e+01 	 8.967317e-01 
3.637369e-01 	 2.467307e+01 	 1.341477e+01 	 8.827244e-01 
3.665997e-01 	 2.428714e+01 	 1.320494e+01 	 8.689169e-01 
3.694850e-01 	 2.390674e+01 	 1.299812e+01 	 8.553074e-01 
3.723930e-01 	 2.353181e+01 	 1.279427e+01 	 8.418936e-01 
3.753240e-01 	 2.316225e+01 	 1.259334e+01 	 8.286719e-01 
3.782780e-01 	 2.279796e+01 	 1.239527e+01 	 8.156388e-01 
3.812552e-01 	 2.243881e+01 	 1.220000e+01 	 8.027894e-01 
3.842559e-01 	 2.208462e+01 	 1.200743e+01 	 7.901176e-01 
3.872802e-01 	 2.173522e+01 	 1.181746e+01 	 7.776172e-01 
3.903283e-01 	 2.139057e+01 	 1.163007e+01 	 7.652869e-01 
3.934004e-01 	 2.105077e+01 	 1.144532e+01 	 7.531300e-01 
3.964967e-01 	 2.071592e+01 	 1.126326e+01 	 7.411498e-01 
3.996173e-01 	 2.038594e+01 	 1.108386e+01 	 7.293445e-01 
4.027625e-01 	 2.006066e+01 	 1.090700e+01 	 7.177070e-01 
4.059325e-01 	 1.973987e+01 	 1.073259e+01 	 7.062301e-01 
4.091274e-01 	 1.942351e+01 	 1.056058e+01 	 6.949117e-01 
4.123474e-01 	 1.911165e+01 	 1.039102e+01 	 6.837542e-01 
4.155928e-01 	 1.880435e+01 	 1.022394e+01 	 6.727599e-01 
4.188638e-01 	 1.850156e+01 	 1.005931e+01 	 6.619270e-01 
4.221605e-01 	 1.820314e+01 	 9.897066e+00 	 6.512508e-01 
4.254831e-01 	 1.790897e+01 	 9.737122e+00 	 6.407261e-01 
4.288319e-01 	 1.761902e+01 	 9.579477e+00 	 6.303527e-01 
4.322070e-01 	 1.733339e+01 	 9.424181e+00 	 6.201338e-01 
4.356087e-01 	 1.705216e+01 	 9.271275e+00 	 6.100723e-01 
4.390372e-01 	 1.677521e+01 	 9.120696e+00 	 6.001638e-01 
4.424926e-01 	 1.650227e+01 	 8.972301e+00 	 5.903990e-01 
4.459753e-01 	 1.623310e+01 	 8.825950e+00 	 5.807688e-01 
4.494854e-01 	 1.596771e+01 	 8.681659e+00 	 5.712741e-01 
4.530231e-01 	 1.570633e+01 	 8.539547e+00 	 5.619228e-01 
4.565886e-01 	 1.544917e+01 	 8.399725e+00 	 5.527222e-01 
4.601822e-01 	 1.519610e+01 	 8.262135e+00 	 5.436684e-01 
4.638041e-01 	 1.494684e+01 	 8.126608e+00 	 5.347504e-01 
4.674544e-01 	 1.470107e+01 	 7.992984e+00 	 5.259576e-01 
4.711336e-01 	 1.445877e+01 	 7.861248e+00 	 5.172891e-01 
4.748416e-01 	 1.422008e+01 	 7.731473e+00 	 5.087495e-01 
4.785789e-01 	 1.398513e+01 	 7.603726e+00 	 5.003435e-01 
4.823456e-01 	 1.375390e+01 	 7.478007e+00 	 4.920709e-01 
4.861419e-01 	 1.352633e+01 	 7.354276e+00 	 4.839291e-01 
4.899681e-01 	 1.330233e+01 	 7.232488e+00 	 4.759152e-01 
4.938244e-01 	 1.308180e+01 	 7.112585e+00 	 4.680252e-01 
4.977111e-01 	 1.286461e+01 	 6.994499e+00 	 4.602549e-01 
5.016283e-01 	 1.265065e+01 	 6.878168e+00 	 4.526000e-01 
5.055764e-01 	 1.243993e+01 	 6.763599e+00 	 4.450611e-01 
5.095556e-01 	 1.223253e+01 	 6.650835e+00 	 4.376410e-01 
5.135660e-01 	 1.202850e+01 	 6.539906e+00 	 4.303416e-01 
5.176081e-01 	 1.182775e+01 	 6.430759e+00 	 4.231595e-01 
5.216819e-01 	 1.163011e+01 	 6.323302e+00 	 4.160885e-01 
5.257878e-01 	 1.143542e+01 	 6.217449e+00 	 4.091232e-01 
5.299261e-01 	 1.124371e+01 	 6.113216e+00 	 4.022643e-01 
5.340969e-01 	 1.105507e+01 	 6.010654e+00 	 3.955155e-01 
5.383005e-01 	 1.086959e+01 	 5.909803e+00 	 3.888793e-01 
5.425372e-01 	 1.068713e+01 	 5.810605e+00 	 3.823518e-01 
5.468073e-01 	 1.050754e+01 	 5.712958e+00 	 3.759264e-01 
5.511109e-01 	 1.033064e+01 	 5.616777e+00 	 3.695975e-01 
5.554485e-01 	 1.015645e+01 	 5.522071e+00 	 3.633656e-01 
5.598202e-01 	 9.985060e+00 	 5.428886e+00 	 3.572338e-01 
5.642262e-01 	 9.816533e+00 	 5.337258e+00 	 3.512045e-01 
5.686670e-01 	 9.650811e+00 	 5.247155e+00 	 3.452754e-01 
5.731427e-01 	 9.487790e+00 	 5.158520e+00 	 3.394431e-01 
5.776537e-01 	 9.327376e+00 	 5.071303e+00 	 3.337039e-01 
5.822001e-01 	 9.169535e+00 	 4.985485e+00 	 3.280569e-01 
5.867823e-01 	 9.014253e+00 	 4.901058e+00 	 3.225014e-01 
5.914006e-01 	 8.861504e+00 	 4.818008e+00 	 3.170365e-01 
5.960553e-01 	 8.711228e+00 	 4.736303e+00 	 3.116601e-01 
6.007465e-01 	 8.563351e+00 	 4.655901e+00 	 3.063695e-01 
6.054747e-01 	 8.417808e+00 	 4.576770e+00 	 3.011625e-01 
6.102402e-01 	 8.274597e+00 	 4.498906e+00 	 2.960389e-01 
6.150431e-01 	 8.133729e+00 	 4.422316e+00 	 2.909991e-01 
6.198838e-01 	 7.995204e+00 	 4.347000e+00 	 2.860431e-01 
6.247626e-01 	 7.858980e+00 	 4.272935e+00 	 2.811694e-01 
6.296798e-01 	 7.724999e+00 	 4.200089e+00 	 2.763760e-01 
6.346357e-01 	 7.593200e+00 	 4.128430e+00 	 2.716607e-01 
6.396307e-01 	 7.463522e+00 	 4.057924e+00 	 2.670212e-01 
6.446649e-01 	 7.335895e+00 	 3.988533e+00 	 2.624551e-01 
6.497388e-01 	 7.210269e+00 	 3.920230e+00 	 2.579606e-01 
6.548526e-01 	 7.086651e+00 	 3.853018e+00 	 2.535379e-01 
6.600066e-01 	 6.965061e+00 	 3.786910e+00 	 2.491878e-01 
6.652012e-01 	 6.845500e+00 	 3.721905e+00 	 2.449103e-01 
6.704367e-01 	 6.727912e+00 	 3.657972e+00 	 2.407034e-01 
6.757134e-01 	 6.612223e+00 	 3.595071e+00 	 2.365644e-01 
6.810316e-01 	 6.498372e+00 	 3.533171e+00 	 2.324912e-01 
6.863917e-01 	 6.386348e+00 	 3.472263e+00 	 2.284833e-01 
6.917940e-01 	 6.276144e+00 	 3.412345e+00 	 2.245406e-01 
6.972388e-01 	 6.167748e+00 	 3.353410e+00 	 2.206625e-01 
7.027264e-01 	 6.061129e+00 	 3.295441e+00 	 2.168480e-01 
7.082572e-01 	 5.956253e+00 	 3.238420e+00 	 2.130959e-01 
7.138316e-01 	 5.853088e+00 	 3.182329e+00 	 2.094049e-01 
7.194498e-01 	 5.751609e+00 	 3.127155e+00 	 2.057744e-01 
7.251123e-01 	 5.651792e+00 	 3.072885e+00 	 2.022032e-01 
7.308193e-01 	 5.553610e+00 	 3.019503e+00 	 1.986906e-01 
7.365713e-01 	 5.457036e+00 	 2.966996e+00 	 1.952355e-01 
7.423685e-01 	 5.362041e+00 	 2.915347e+00 	 1.918368e-01 
7.482113e-01 	 5.268600e+00 	 2.864543e+00 	 1.884938e-01 
7.541001e-01 	 5.176700e+00 	 2.814576e+00 	 1.852059e-01 
7.600353e-01 	 5.086329e+00 	 2.765442e+00 	 1.819727e-01 
7.660172e-01 	 4.997468e+00 	 2.717128e+00 	 1.787936e-01 
7.720462e-01 	 4.910083e+00 	 2.669617e+00 	 1.756672e-01 
7.781226e-01 	 4.824137e+00 	 2.622887e+00 	 1.725923e-01 
7.842468e-01 	 4.739600e+00 	 2.576925e+00 	 1.695679e-01 
7.904193e-01 	 4.656466e+00 	 2.531725e+00 	 1.665936e-01 
7.966403e-01 	 4.574727e+00 	 2.487283e+00 	 1.636692e-01 
8.029103e-01 	 4.494369e+00 	 2.443593e+00 	 1.607943e-01 
8.092296e-01 	 4.415369e+00 	 2.400640e+00 	 1.579679e-01 
8.155987e-01 	 4.337698e+00 	 2.358410e+00 	 1.551891e-01 
8.220179e-01 	 4.261328e+00 	 2.316888e+00 	 1.524568e-01 
8.284876e-01 	 4.186231e+00 	 2.276058e+00 	 1.497701e-01 
8.350082e-01 	 4.112376e+00 	 2.235903e+00 	 1.471278e-01 
8.415802e-01 	 4.039743e+00 	 2.196412e+00 	 1.445292e-01 
8.482039e-01 	 3.968328e+00 	 2.157583e+00 	 1.419742e-01 
8.548797e-01 	 3.898128e+00 	 2.119415e+00 	 1.394627e-01 
8.616081e-01 	 3.829130e+00 	 2.081901e+00 	 1.369941e-01 
8.683894e-01 	 3.761308e+00 	 2.045027e+00 	 1.345677e-01 
8.752241e-01 	 3.694636e+00 	 2.008777e+00 	 1.321824e-01 
8.821126e-01 	 3.629087e+00 	 1.973138e+00 	 1.298372e-01 
8.890553e-01 	 3.564647e+00 	 1.938102e+00 	 1.275318e-01 
8.960526e-01 	 3.501298e+00 	 1.903659e+00 	 1.252653e-01 
9.031050e-01 	 3.439023e+00 	 1.869800e+00 	 1.230374e-01 
9.102129e-01 	 3.377808e+00 	 1.836517e+00 	 1.208473e-01 
9.173768e-01 	 3.317636e+00 	 1.803802e+00 	 1.186945e-01 
9.245971e-01 	 3.258489e+00 	 1.771643e+00 	 1.165784e-01 
9.318741e-01 	 3.200347e+00 	 1.740032e+00 	 1.144983e-01 
9.392085e-01 	 3.143190e+00 	 1.708955e+00 	 1.124534e-01 
9.466006e-01 	 3.087002e+00 	 1.678406e+00 	 1.104431e-01 
9.540508e-01 	 3.031772e+00 	 1.648377e+00 	 1.084672e-01 
9.615597e-01 	 2.977491e+00 	 1.618864e+00 	 1.065252e-01 
9.691277e-01 	 2.924143e+00 	 1.589859e+00 	 1.046166e-01 
9.767552e-01 	 2.871710e+00 	 1.561351e+00 	 1.027407e-01 
9.844428e-01 	 2.820171e+00 	 1.533329e+00 	 1.008968e-01 
9.921909e-01 	 2.769514e+00 	 1.505787e+00 	 9.908444e-02 
1.000000e+00 	 2.719736e+00 	 1.478723e+00 	 9.730354e-02 
